 0.5314  0.5366  0.5403  0.5429  0.5448  0.5461  0.5471  0.5478  0.5483 
 0.5487  0.5491  0.5491  0.5488  0.5490  0.5494  0.5489  0.5478  0.5480 
 0.5484  0.5472  0.5467  0.5479  0.5484  0.5487  0.5489  0.5494  0.5495 
 0.5496  0.5496  0.5497  0.5497  0.5497  0.5497  0.5497  0.5496  0.5496 
 0.5496  0.5496  0.5495  0.5495  0.5495  0.5494  0.5494  0.5494  0.5493 
 0.5493  0.5493  0.5492  0.5492  0.5492  0.5491  0.5491  0.5491  0.5491 
 0.5490  0.5490  0.5490  0.5490  0.5490  0.5490  0.5490  0.5489  0.5489 
 0.5489  0.5489  0.5489  0.5489  0.5489  0.5489  0.5489  0.5489  0.5489 
 0.5489  0.5489  0.5489  0.5489  0.5489  0.5489  0.5488  0.5488  0.5488 
 0.5487  0.5487  0.5486  0.5485  0.5483  0.5482  0.5479  0.5477  0.5473 
 0.5470  0.5466  0.5462  0.5457  0.5453  0.5448  0.5444  0.5439  0.5435 
 0.5329  0.5380  0.5417  0.5443  0.5462  0.5475  0.5485  0.5492  0.5497 
 0.5500  0.5503  0.5509  0.5498  0.5502  0.5506  0.5506  0.5481  0.5486 
 0.5489  0.5479  0.5476  0.5495  0.5496  0.5501  0.5501  0.5506  0.5507 
 0.5508  0.5508  0.5508  0.5508  0.5508  0.5508  0.5508  0.5508  0.5508 
 0.5508  0.5507  0.5507  0.5507  0.5507  0.5506  0.5506  0.5506  0.5505 
 0.5505  0.5505  0.5505  0.5504  0.5504  0.5504  0.5504  0.5504  0.5503 
 0.5503  0.5503  0.5503  0.5503  0.5503  0.5503  0.5503  0.5503  0.5503 
 0.5503  0.5503  0.5503  0.5503  0.5503  0.5502  0.5502  0.5502  0.5502 
 0.5502  0.5502  0.5501  0.5501  0.5500  0.5499  0.5498  0.5497  0.5495 
 0.5493  0.5490  0.5487  0.5483  0.5479  0.5475  0.5471  0.5467  0.5462 
 0.5458  0.5454  0.5450  0.5447  0.5444  0.5441  0.5438  0.5436  0.5434 
 0.5298  0.5349  0.5386  0.5412  0.5431  0.5444  0.5454  0.5461  0.5466 
 0.5469  0.5472  0.5480  0.5467  0.5470  0.5475  0.5478  0.5454  0.5457 
 0.5468  0.5455  0.5457  0.5471  0.5477  0.5478  0.5476  0.5479  0.5481 
 0.5482  0.5482  0.5482  0.5483  0.5483  0.5483  0.5483  0.5483  0.5482 
 0.5482  0.5482  0.5482  0.5482  0.5481  0.5481  0.5481  0.5481  0.5481 
 0.5480  0.5480  0.5480  0.5480  0.5480  0.5480  0.5479  0.5479  0.5479 
 0.5479  0.5479  0.5479  0.5479  0.5479  0.5479  0.5479  0.5479  0.5479 
 0.5479  0.5479  0.5478  0.5478  0.5478  0.5478  0.5477  0.5477  0.5476 
 0.5475  0.5474  0.5472  0.5470  0.5468  0.5465  0.5462  0.5458  0.5454 
 0.5450  0.5446  0.5442  0.5438  0.5434  0.5431  0.5427  0.5424  0.5421 
 0.5419  0.5417  0.5415  0.5413  0.5411  0.5410  0.5409  0.5407  0.5407 
 0.5236  0.5287  0.5324  0.5350  0.5368  0.5382  0.5391  0.5398  0.5403 
 0.5407  0.5409  0.5416  0.5406  0.5408  0.5412  0.5416  0.5384  0.5389 
 0.5397  0.5384  0.5390  0.5404  0.5411  0.5410  0.5410  0.5412  0.5413 
 0.5414  0.5414  0.5415  0.5415  0.5415  0.5415  0.5415  0.5415  0.5415 
 0.5414  0.5414  0.5414  0.5414  0.5414  0.5414  0.5414  0.5414  0.5413 
 0.5413  0.5413  0.5413  0.5413  0.5413  0.5413  0.5413  0.5413  0.5413 
 0.5413  0.5413  0.5413  0.5412  0.5412  0.5412  0.5412  0.5412  0.5412 
 0.5411  0.5411  0.5411  0.5410  0.5409  0.5408  0.5406  0.5404  0.5402 
 0.5400  0.5397  0.5393  0.5390  0.5386  0.5382  0.5378  0.5374  0.5370 
 0.5367  0.5364  0.5361  0.5358  0.5356  0.5353  0.5351  0.5350  0.5348 
 0.5347  0.5346  0.5345  0.5344  0.5343  0.5342  0.5342  0.5341  0.5341 
 0.5151  0.5202  0.5238  0.5264  0.5282  0.5296  0.5305  0.5312  0.5317 
 0.5321  0.5323  0.5329  0.5324  0.5324  0.5329  0.5317  0.5294  0.5299 
 0.5306  0.5301  0.5308  0.5320  0.5328  0.5328  0.5329  0.5331  0.5333 
 0.5333  0.5334  0.5334  0.5334  0.5335  0.5335  0.5335  0.5335  0.5335 
 0.5334  0.5334  0.5334  0.5334  0.5334  0.5334  0.5334  0.5334  0.5334 
 0.5334  0.5334  0.5334  0.5334  0.5334  0.5333  0.5333  0.5333  0.5333 
 0.5333  0.5333  0.5333  0.5333  0.5333  0.5332  0.5332  0.5331  0.5331 
 0.5330  0.5328  0.5327  0.5325  0.5323  0.5320  0.5317  0.5314  0.5310 
 0.5306  0.5303  0.5299  0.5295  0.5292  0.5289  0.5286  0.5283  0.5281 
 0.5278  0.5276  0.5275  0.5273  0.5272  0.5270  0.5269  0.5268  0.5268 
 0.5267  0.5266  0.5266  0.5265  0.5265  0.5264  0.5264  0.5263  0.5263 
 0.5048  0.5098  0.5134  0.5160  0.5179  0.5192  0.5201  0.5208  0.5213 
 0.5216  0.5220  0.5224  0.5221  0.5219  0.5226  0.5202  0.5176  0.5188 
 0.5192  0.5189  0.5201  0.5212  0.5217  0.5218  0.5219  0.5221  0.5222 
 0.5223  0.5223  0.5223  0.5223  0.5223  0.5223  0.5223  0.5223  0.5223 
 0.5223  0.5223  0.5223  0.5223  0.5223  0.5223  0.5223  0.5223  0.5223 
 0.5223  0.5223  0.5223  0.5223  0.5223  0.5223  0.5223  0.5222  0.5222 
 0.5222  0.5222  0.5221  0.5221  0.5220  0.5219  0.5218  0.5217  0.5215 
 0.5213  0.5210  0.5207  0.5204  0.5201  0.5197  0.5194  0.5190  0.5187 
 0.5183  0.5180  0.5177  0.5175  0.5172  0.5170  0.5168  0.5167  0.5165 
 0.5164  0.5163  0.5162  0.5161  0.5160  0.5159  0.5158  0.5158  0.5157 
 0.5157  0.5156  0.5156  0.5155  0.5155  0.5154  0.5154  0.5153  0.5153 
 0.4931  0.4981  0.5017  0.5042  0.5061  0.5074  0.5083  0.5090  0.5095 
 0.5098  0.5103  0.5109  0.5103  0.5100  0.5106  0.5092  0.5057  0.5074 
 0.5083  0.5084  0.5090  0.5099  0.5103  0.5103  0.5103  0.5105  0.5106 
 0.5106  0.5106  0.5106  0.5107  0.5107  0.5107  0.5107  0.5107  0.5107 
 0.5107  0.5107  0.5107  0.5107  0.5107  0.5106  0.5106  0.5106  0.5106 
 0.5106  0.5106  0.5106  0.5106  0.5106  0.5106  0.5105  0.5105  0.5105 
 0.5104  0.5103  0.5102  0.5101  0.5100  0.5098  0.5095  0.5093  0.5090 
 0.5087  0.5083  0.5080  0.5077  0.5073  0.5070  0.5067  0.5064  0.5062 
 0.5059  0.5057  0.5055  0.5053  0.5052  0.5050  0.5049  0.5048  0.5047 
 0.5046  0.5045  0.5045  0.5044  0.5043  0.5043  0.5042  0.5042  0.5041 
 0.5041  0.5040  0.5040  0.5040  0.5039  0.5039  0.5039  0.5039  0.5039 
 0.4845  0.4895  0.4931  0.4956  0.4974  0.4987  0.4997  0.5003  0.5008 
 0.5012  0.5015  0.5025  0.5017  0.5013  0.5018  0.5012  0.4965  0.4984 
 0.4992  0.4997  0.5003  0.5012  0.5016  0.5015  0.5015  0.5017  0.5018 
 0.5018  0.5018  0.5019  0.5019  0.5019  0.5019  0.5019  0.5019  0.5019 
 0.5019  0.5019  0.5019  0.5019  0.5019  0.5019  0.5019  0.5019  0.5018 
 0.5018  0.5018  0.5018  0.5018  0.5018  0.5017  0.5017  0.5016  0.5015 
 0.5014  0.5013  0.5011  0.5010  0.5007  0.5005  0.5002  0.4999  0.4995 
 0.4992  0.4989  0.4986  0.4983  0.4980  0.4977  0.4974  0.4972  0.4970 
 0.4968  0.4967  0.4965  0.4964  0.4963  0.4961  0.4960  0.4960  0.4959 
 0.4958  0.4957  0.4957  0.4956  0.4956  0.4955  0.4955  0.4954  0.4954 
 0.4954  0.4954  0.4953  0.4953  0.4953  0.4953  0.4953  0.4953  0.4952 
 0.4722  0.4772  0.4807  0.4832  0.4850  0.4863  0.4873  0.4879  0.4884 
 0.4888  0.4890  0.4901  0.4892  0.4890  0.4893  0.4885  0.4836  0.4857 
 0.4867  0.4874  0.4879  0.4889  0.4893  0.4892  0.4892  0.4895  0.4895 
 0.4896  0.4896  0.4896  0.4897  0.4897  0.4897  0.4897  0.4897  0.4897 
 0.4897  0.4897  0.4897  0.4897  0.4897  0.4897  0.4896  0.4896  0.4896 
 0.4896  0.4896  0.4895  0.4895  0.4894  0.4894  0.4893  0.4892  0.4890 
 0.4888  0.4886  0.4884  0.4881  0.4878  0.4875  0.4872  0.4868  0.4865 
 0.4862  0.4859  0.4857  0.4854  0.4852  0.4850  0.4848  0.4846  0.4845 
 0.4843  0.4842  0.4841  0.4840  0.4839  0.4839  0.4838  0.4837  0.4837 
 0.4836  0.4836  0.4835  0.4835  0.4835  0.4834  0.4834  0.4834  0.4834 
 0.4833  0.4833  0.4833  0.4833  0.4832  0.4832  0.4832  0.4831  0.4831 
 0.4590  0.4639  0.4675  0.4700  0.4718  0.4731  0.4740  0.4747  0.4751 
 0.4755  0.4757  0.4766  0.4759  0.4757  0.4761  0.4742  0.4699  0.4717 
 0.4729  0.4735  0.4742  0.4752  0.4754  0.4753  0.4754  0.4755  0.4756 
 0.4756  0.4756  0.4756  0.4756  0.4756  0.4756  0.4756  0.4756  0.4756 
 0.4756  0.4756  0.4756  0.4756  0.4756  0.4756  0.4756  0.4755  0.4755 
 0.4755  0.4754  0.4753  0.4753  0.4751  0.4750  0.4748  0.4746  0.4744 
 0.4742  0.4739  0.4736  0.4733  0.4730  0.4727  0.4724  0.4721  0.4718 
 0.4715  0.4713  0.4711  0.4709  0.4707  0.4706  0.4705  0.4703  0.4702 
 0.4701  0.4700  0.4700  0.4699  0.4698  0.4698  0.4697  0.4697  0.4696 
 0.4696  0.4696  0.4695  0.4695  0.4695  0.4694  0.4694  0.4693  0.4693 
 0.4692  0.4692  0.4691  0.4691  0.4690  0.4689  0.4689  0.4687  0.4686 
 0.4448  0.4497  0.4532  0.4557  0.4575  0.4588  0.4597  0.4603  0.4608 
 0.4612  0.4614  0.4622  0.4612  0.4614  0.4619  0.4586  0.4555  0.4572 
 0.4588  0.4596  0.4605  0.4615  0.4613  0.4613  0.4617  0.4620  0.4620 
 0.4621  0.4621  0.4621  0.4622  0.4622  0.4622  0.4622  0.4622  0.4622 
 0.4622  0.4621  0.4621  0.4621  0.4621  0.4621  0.4620  0.4620  0.4619 
 0.4618  0.4617  0.4616  0.4615  0.4613  0.4611  0.4608  0.4606  0.4603 
 0.4600  0.4597  0.4594  0.4591  0.4588  0.4585  0.4582  0.4580  0.4578 
 0.4576  0.4574  0.4573  0.4571  0.4570  0.4569  0.4568  0.4567  0.4566 
 0.4565  0.4565  0.4564  0.4563  0.4563  0.4562  0.4562  0.4561  0.4560 
 0.4560  0.4559  0.4559  0.4558  0.4557  0.4557  0.4556  0.4555  0.4554 
 0.4553  0.4551  0.4549  0.4547  0.4544  0.4540  0.4535  0.4529  0.4519 
 0.4294  0.4343  0.4377  0.4402  0.4420  0.4433  0.4442  0.4449  0.4453 
 0.4457  0.4459  0.4463  0.4459  0.4459  0.4466  0.4414  0.4391  0.4411 
 0.4430  0.4438  0.4448  0.4449  0.4452  0.4454  0.4458  0.4460  0.4461 
 0.4461  0.4461  0.4461  0.4462  0.4462  0.4462  0.4461  0.4461  0.4461 
 0.4461  0.4461  0.4461  0.4460  0.4460  0.4459  0.4458  0.4457  0.4456 
 0.4455  0.4453  0.4451  0.4449  0.4446  0.4444  0.4441  0.4438  0.4435 
 0.4432  0.4429  0.4426  0.4423  0.4421  0.4418  0.4416  0.4415  0.4413 
 0.4411  0.4410  0.4409  0.4408  0.4407  0.4406  0.4405  0.4404  0.4403 
 0.4402  0.4401  0.4400  0.4399  0.4398  0.4397  0.4396  0.4395  0.4394 
 0.4393  0.4392  0.4391  0.4389  0.4387  0.4385  0.4383  0.4379  0.4374 
 0.4368  0.4360  0.4350  0.4335  0.4314  0.4284  0.4241  0.4177  0.4080 
 0.4137  0.4185  0.4220  0.4244  0.4262  0.4275  0.4284  0.4290  0.4295 
 0.4298  0.4305  0.4305  0.4301  0.4301  0.4309  0.4265  0.4240  0.4261 
 0.4283  0.4291  0.4297  0.4302  0.4305  0.4306  0.4307  0.4309  0.4310 
 0.4311  0.4311  0.4311  0.4311  0.4311  0.4311  0.4311  0.4311  0.4311 
 0.4310  0.4310  0.4309  0.4309  0.4308  0.4307  0.4305  0.4304  0.4302 
 0.4300  0.4297  0.4294  0.4292  0.4289  0.4285  0.4282  0.4279  0.4276 
 0.4274  0.4271  0.4269  0.4266  0.4264  0.4262  0.4261  0.4259  0.4258 
 0.4256  0.4255  0.4253  0.4252  0.4250  0.4249  0.4247  0.4246  0.4244 
 0.4243  0.4241  0.4240  0.4239  0.4237  0.4236  0.4234  0.4232  0.4229 
 0.4226  0.4222  0.4217  0.4211  0.4202  0.4191  0.4176  0.4155  0.4125 
 0.4082  0.4020  0.3927  0.3786  0.3572  0.3248  0.2771  0.2090  0.1180 
 0.3975  0.4022  0.4057  0.4081  0.4099  0.4111  0.4120  0.4127  0.4132 
 0.4134  0.4141  0.4144  0.4137  0.4137  0.4144  0.4107  0.4069  0.4092 
 0.4113  0.4122  0.4127  0.4134  0.4137  0.4136  0.4136  0.4136  0.4137 
 0.4137  0.4137  0.4137  0.4137  0.4137  0.4137  0.4136  0.4136  0.4135 
 0.4135  0.4134  0.4133  0.4131  0.4130  0.4128  0.4126  0.4123  0.4121 
 0.4118  0.4115  0.4111  0.4108  0.4105  0.4102  0.4099  0.4096  0.4093 
 0.4090  0.4088  0.4086  0.4083  0.4081  0.4079  0.4076  0.4074  0.4072 
 0.4070  0.4067  0.4065  0.4063  0.4061  0.4059  0.4057  0.4055  0.4052 
 0.4050  0.4048  0.4045  0.4041  0.4037  0.4032  0.4025  0.4017  0.4005 
 0.3990  0.3969  0.3941  0.3901  0.3843  0.3759  0.3633  0.3445  0.3166 
 0.2752  0.2156  0.1342  0.0318 -0.0841 -0.2002 -0.3022 -0.3812 -0.4356 
 0.3813  0.3860  0.3894  0.3918  0.3935  0.3948  0.3957  0.3964  0.3969 
 0.3970  0.3976  0.3982  0.3974  0.3974  0.3975  0.3944  0.3899  0.3926 
 0.3948  0.3958  0.3964  0.3971  0.3975  0.3974  0.3973  0.3974  0.3974 
 0.3974  0.3974  0.3974  0.3974  0.3973  0.3972  0.3972  0.3971  0.3970 
 0.3968  0.3967  0.3965  0.3963  0.3960  0.3957  0.3954  0.3951  0.3947 
 0.3944  0.3940  0.3936  0.3933  0.3929  0.3926  0.3922  0.3919  0.3915 
 0.3912  0.3909  0.3905  0.3902  0.3898  0.3895  0.3891  0.3888  0.3885 
 0.3882  0.3879  0.3876  0.3873  0.3870  0.3866  0.3863  0.3858  0.3853 
 0.3846  0.3837  0.3826  0.3811  0.3792  0.3766  0.3729  0.3679  0.3606 
 0.3500  0.3345  0.3117  0.2781  0.2293  0.1610  0.0712 -0.0369 -0.1535 
-0.2648 -0.3584 -0.4280 -0.4747 -0.5035 -0.5203 -0.5298 -0.5351 -0.5380 
 0.3662  0.3709  0.3742  0.3766  0.3783  0.3795  0.3804  0.3810  0.3815 
 0.3818  0.3820  0.3826  0.3820  0.3822  0.3819  0.3799  0.3734  0.3769 
 0.3793  0.3803  0.3812  0.3819  0.3823  0.3822  0.3822  0.3822  0.3823 
 0.3823  0.3822  0.3822  0.3821  0.3820  0.3819  0.3817  0.3816  0.3814 
 0.3811  0.3808  0.3805  0.3802  0.3798  0.3794  0.3789  0.3785  0.3780 
 0.3776  0.3771  0.3766  0.3762  0.3757  0.3752  0.3746  0.3741  0.3736 
 0.3731  0.3726  0.3721  0.3716  0.3711  0.3707  0.3703  0.3699  0.3695 
 0.3690  0.3685  0.3679  0.3673  0.3664  0.3654  0.3640  0.3623  0.3600 
 0.3569  0.3527  0.3469  0.3386  0.3268  0.3098  0.2849  0.2488  0.1971 
 0.1259  0.0341 -0.0744 -0.1899 -0.2992 -0.3904 -0.4580 -0.5032 -0.5313 
-0.5477 -0.5571 -0.5624 -0.5653 -0.5670 -0.5680 -0.5686 -0.5690 -0.5692 
 0.3531  0.3577  0.3609  0.3632  0.3649  0.3661  0.3670  0.3676  0.3681 
 0.3683  0.3685  0.3688  0.3684  0.3687  0.3683  0.3647  0.3597  0.3633 
 0.3656  0.3668  0.3679  0.3686  0.3690  0.3689  0.3689  0.3690  0.3689 
 0.3689  0.3688  0.3687  0.3685  0.3683  0.3681  0.3678  0.3674  0.3671 
 0.3666  0.3662  0.3657  0.3651  0.3645  0.3639  0.3633  0.3626  0.3619 
 0.3612  0.3605  0.3597  0.3589  0.3582  0.3574  0.3567  0.3560  0.3553 
 0.3547  0.3541  0.3535  0.3529  0.3523  0.3517  0.3509  0.3501  0.3491 
 0.3478  0.3462  0.3442  0.3417  0.3382  0.3336  0.3273  0.3185  0.3062 
 0.2886  0.2634  0.2272  0.1758  0.1059  0.0161 -0.0904 -0.2044 -0.3135 
-0.4063 -0.4763 -0.5240 -0.5540 -0.5719 -0.5823 -0.5882 -0.5917 -0.5937 
-0.5949 -0.5957 -0.5962 -0.5966 -0.5970 -0.5973 -0.5976 -0.5980 -0.5984 
 0.3437  0.3481  0.3512  0.3535  0.3551  0.3561  0.3575  0.3578  0.3582 
 0.3584  0.3586  0.3587  0.3586  0.3586  0.3583  0.3542  0.3515  0.3540 
 0.3564  0.3572  0.3578  0.3583  0.3584  0.3582  0.3581  0.3580  0.3579 
 0.3577  0.3574  0.3571  0.3568  0.3564  0.3559  0.3553  0.3547  0.3540 
 0.3533  0.3525  0.3516  0.3507  0.3497  0.3487  0.3477  0.3466  0.3455 
 0.3444  0.3434  0.3423  0.3413  0.3404  0.3395  0.3387  0.3379  0.3371 
 0.3363  0.3353  0.3343  0.3331  0.3316  0.3299  0.3277  0.3249  0.3212 
 0.3165  0.3101  0.3015  0.2896  0.2729  0.2494  0.2161  0.1693  0.1054 
 0.0223 -0.0781 -0.1894 -0.3005 -0.3995 -0.4779 -0.5336 -0.5700 -0.5924 
-0.6058 -0.6137 -0.6183 -0.6212 -0.6230 -0.6242 -0.6251 -0.6259 -0.6265 
-0.6272 -0.6279 -0.6286 -0.6293 -0.6300 -0.6307 -0.6313 -0.6319 -0.6324 
 0.3396  0.3438  0.3468  0.3489  0.3505  0.3513  0.3528  0.3530  0.3533 
 0.3535  0.3540  0.3534  0.3534  0.3535  0.3535  0.3476  0.3463  0.3486 
 0.3507  0.3516  0.3522  0.3524  0.3524  0.3521  0.3518  0.3515  0.3511 
 0.3506  0.3501  0.3494  0.3487  0.3478  0.3469  0.3458  0.3447  0.3435 
 0.3422  0.3408  0.3393  0.3378  0.3363  0.3348  0.3333  0.3319  0.3305 
 0.3293  0.3281  0.3269  0.3258  0.3246  0.3234  0.3221  0.3207  0.3190 
 0.3169  0.3145  0.3114  0.3076  0.3027  0.2963  0.2879  0.2765  0.2611 
 0.2397  0.2100  0.1686  0.1121  0.0380 -0.0540 -0.1597 -0.2709 -0.3757 
-0.4637 -0.5301 -0.5757 -0.6051 -0.6233 -0.6344 -0.6412 -0.6455 -0.6484 
-0.6504 -0.6520 -0.6534 -0.6547 -0.6560 -0.6573 -0.6585 -0.6597 -0.6609 
-0.6619 -0.6628 -0.6636 -0.6642 -0.6647 -0.6651 -0.6654 -0.6657 -0.6659 
 0.3431  0.3470  0.3498  0.3518  0.3532  0.3538  0.3551  0.3561  0.3560 
 0.3558  0.3564  0.3559  0.3556  0.3556  0.3557  0.3494  0.3479  0.3503 
 0.3522  0.3531  0.3534  0.3535  0.3532  0.3525  0.3518  0.3511  0.3502 
 0.3492  0.3480  0.3467  0.3453  0.3437  0.3420  0.3402  0.3383  0.3363 
 0.3343  0.3323  0.3303  0.3284  0.3265  0.3248  0.3232  0.3216  0.3200 
 0.3185  0.3168  0.3150  0.3130  0.3107  0.3079  0.3047  0.3007  0.2957 
 0.2895  0.2815  0.2711  0.2574  0.2390  0.2139  0.1797  0.1332  0.0713 
-0.0076 -0.1030 -0.2098 -0.3183 -0.4175 -0.4990 -0.5597 -0.6014 -0.6286 
-0.6458 -0.6568 -0.6639 -0.6688 -0.6725 -0.6754 -0.6780 -0.6803 -0.6826 
-0.6848 -0.6869 -0.6888 -0.6906 -0.6921 -0.6934 -0.6944 -0.6952 -0.6959 
-0.6964 -0.6969 -0.6972 -0.6975 -0.6978 -0.6981 -0.6983 -0.6986 -0.6990 
 0.3565  0.3600  0.3625  0.3643  0.3656  0.3659  0.3669  0.3681  0.3679 
 0.3677  0.3681  0.3677  0.3670  0.3669  0.3668  0.3613  0.3585  0.3607 
 0.3622  0.3627  0.3626  0.3619  0.3609  0.3598  0.3585  0.3570  0.3553 
 0.3534  0.3513  0.3490  0.3466  0.3441  0.3415  0.3389  0.3363  0.3338 
 0.3313  0.3290  0.3268  0.3246  0.3225  0.3203  0.3180  0.3156  0.3129 
 0.3097  0.3061  0.3018  0.2967  0.2904  0.2827  0.2729  0.2605  0.2444 
 0.2233  0.1952  0.1576  0.1076  0.0428 -0.0383 -0.1344 -0.2397 -0.3450 
-0.4400 -0.5176 -0.5758 -0.6164 -0.6436 -0.6616 -0.6738 -0.6824 -0.6889 
-0.6942 -0.6988 -0.7030 -0.7069 -0.7106 -0.7140 -0.7170 -0.7197 -0.7219 
-0.7237 -0.7252 -0.7264 -0.7273 -0.7281 -0.7287 -0.7293 -0.7297 -0.7302 
-0.7306 -0.7311 -0.7317 -0.7323 -0.7330 -0.7338 -0.7347 -0.7358 -0.7370 
 0.3814  0.3844  0.3866  0.3881  0.3893  0.3891  0.3894  0.3912  0.3908 
 0.3903  0.3905  0.3901  0.3890  0.3886  0.3879  0.3844  0.3806  0.3817 
 0.3823  0.3819  0.3806  0.3791  0.3771  0.3749  0.3724  0.3698  0.3670 
 0.3639  0.3607  0.3575  0.3543  0.3511  0.3480  0.3449  0.3420  0.3392 
 0.3363  0.3334  0.3304  0.3271  0.3235  0.3194  0.3148  0.3094  0.3030 
 0.2953  0.2860  0.2745  0.2603  0.2423  0.2192  0.1892  0.1501  0.0994 
 0.0348 -0.0451 -0.1387 -0.2407 -0.3426 -0.4353 -0.5123 -0.5712 -0.6138 
-0.6435 -0.6644 -0.6794 -0.6909 -0.7002 -0.7083 -0.7155 -0.7221 -0.7281 
-0.7335 -0.7382 -0.7423 -0.7456 -0.7484 -0.7506 -0.7524 -0.7539 -0.7551 
-0.7561 -0.7569 -0.7577 -0.7585 -0.7592 -0.7600 -0.7608 -0.7617 -0.7627 
-0.7638 -0.7650 -0.7663 -0.7675 -0.7687 -0.7698 -0.7708 -0.7716 -0.7723 
 0.4186  0.4211  0.4229  0.4240  0.4249  0.4246  0.4229  0.4261  0.4254 
 0.4244  0.4241  0.4236  0.4219  0.4211  0.4191  0.4155  0.4112  0.4114 
 0.4108  0.4093  0.4069  0.4042  0.4011  0.3976  0.3939  0.3901  0.3863 
 0.3824  0.3786  0.3748  0.3711  0.3675  0.3639  0.3602  0.3563  0.3521 
 0.3476  0.3425  0.3368  0.3301  0.3224  0.3131  0.3023  0.2893  0.2734 
 0.2539  0.2296  0.1989  0.1599  0.1105  0.0486 -0.0272 -0.1159 -0.2129 
-0.3113 -0.4028 -0.4812 -0.5434 -0.5904 -0.6251 -0.6508 -0.6706 -0.6866 
-0.7002 -0.7121 -0.7229 -0.7325 -0.7411 -0.7485 -0.7549 -0.7602 -0.7645 
-0.7681 -0.7710 -0.7733 -0.7752 -0.7769 -0.7783 -0.7796 -0.7808 -0.7820 
-0.7831 -0.7844 -0.7856 -0.7869 -0.7882 -0.7896 -0.7909 -0.7921 -0.7932 
-0.7942 -0.7950 -0.7957 -0.7964 -0.7969 -0.7974 -0.7979 -0.7984 -0.7988 
 0.4682  0.4702  0.4714  0.4721  0.4725  0.4726  0.4671  0.4721  0.4712 
 0.4698  0.4689  0.4675  0.4651  0.4633  0.4604  0.4558  0.4510  0.4497 
 0.4478  0.4449  0.4413  0.4373  0.4331  0.4286  0.4242  0.4197  0.4153 
 0.4109  0.4065  0.4019  0.3972  0.3921  0.3866  0.3805  0.3736  0.3657 
 0.3566  0.3461  0.3338  0.3192  0.3018  0.2808  0.2555  0.2247  0.1866 
 0.1395  0.0815  0.0113 -0.0704 -0.1609 -0.2544 -0.3439 -0.4235 -0.4895 
-0.5420 -0.5827 -0.6147 -0.6406 -0.6623 -0.6813 -0.6981 -0.7132 -0.7265 
-0.7381 -0.7480 -0.7564 -0.7633 -0.7690 -0.7737 -0.7775 -0.7807 -0.7834 
-0.7858 -0.7879 -0.7898 -0.7916 -0.7933 -0.7950 -0.7966 -0.7982 -0.7998 
-0.8012 -0.8026 -0.8038 -0.8049 -0.8059 -0.8068 -0.8076 -0.8084 -0.8091 
-0.8099 -0.8107 -0.8116 -0.8125 -0.8136 -0.8147 -0.8160 -0.8173 -0.8187 
 0.5289  0.5302  0.5308  0.5310  0.5308  0.5305  0.5255  0.5275  0.5267 
 0.5247  0.5230  0.5201  0.5173  0.5139  0.5099  0.5037  0.4988  0.4958 
 0.4925  0.4884  0.4838  0.4790  0.4741  0.4690  0.4638  0.4585  0.4530 
 0.4471  0.4407  0.4336  0.4257  0.4168  0.4066  0.3949  0.3812  0.3654 
 0.3468  0.3250  0.2991  0.2683  0.2314  0.1871  0.1333  0.0700 -0.0036 
-0.0860 -0.1728 -0.2586 -0.3378 -0.4069 -0.4646 -0.5117 -0.5504 -0.5830 
-0.6111 -0.6360 -0.6582 -0.6779 -0.6952 -0.7102 -0.7230 -0.7338 -0.7428 
-0.7502 -0.7563 -0.7615 -0.7658 -0.7696 -0.7729 -0.7758 -0.7785 -0.7810 
-0.7833 -0.7854 -0.7874 -0.7893 -0.7910 -0.7925 -0.7939 -0.7952 -0.7965 
-0.7977 -0.7989 -0.8001 -0.8014 -0.8029 -0.8044 -0.8062 -0.8081 -0.8102 
-0.8125 -0.8150 -0.8175 -0.8201 -0.8227 -0.8251 -0.8274 -0.8294 -0.8313 
 0.5983  0.5988  0.5987  0.5982  0.5972  0.5966  0.5878  0.5905  0.5891 
 0.5866  0.5840  0.5796  0.5756  0.5712  0.5661  0.5587  0.5531  0.5490 
 0.5447  0.5398  0.5344  0.5286  0.5226  0.5160  0.5089  0.5012  0.4926 
 0.4829  0.4720  0.4594  0.4450  0.4283  0.4090  0.3867  0.3606  0.3303 
 0.2949  0.2534  0.2048  0.1479  0.0825  0.0094 -0.0697 -0.1499 -0.2263 
-0.2965 -0.3578 -0.4103 -0.4551 -0.4938 -0.5279 -0.5584 -0.5855 -0.6097 
-0.6309 -0.6493 -0.6651 -0.6784 -0.6896 -0.6990 -0.7068 -0.7135 -0.7192 
-0.7242 -0.7285 -0.7324 -0.7359 -0.7390 -0.7419 -0.7444 -0.7468 -0.7489 
-0.7509 -0.7528 -0.7546 -0.7565 -0.7583 -0.7603 -0.7624 -0.7648 -0.7673 
-0.7702 -0.7734 -0.7769 -0.7808 -0.7849 -0.7893 -0.7937 -0.7982 -0.8025 
-0.8066 -0.8103 -0.8137 -0.8166 -0.8192 -0.8216 -0.8238 -0.8260 -0.8284 
 0.6728  0.6725  0.6715  0.6701  0.6682  0.6677  0.6552  0.6578  0.6566 
 0.6525  0.6488  0.6434  0.6384  0.6330  0.6273  0.6198  0.6135  0.6081 
 0.6024  0.5960  0.5887  0.5808  0.5719  0.5619  0.5507  0.5379  0.5233 
 0.5065  0.4873  0.4652  0.4398  0.4106  0.3770  0.3385  0.2944  0.2439 
 0.1866  0.1226  0.0531 -0.0195 -0.0920 -0.1610 -0.2242 -0.2816 -0.3299 
-0.3734 -0.4123 -0.4472 -0.4784 -0.5063 -0.5308 -0.5522 -0.5706 -0.5862 
-0.5995 -0.6108 -0.6203 -0.6285 -0.6355 -0.6417 -0.6470 -0.6518 -0.6560 
-0.6597 -0.6631 -0.6662 -0.6691 -0.6718 -0.6744 -0.6771 -0.6798 -0.6826 
-0.6857 -0.6891 -0.6928 -0.6969 -0.7015 -0.7067 -0.7123 -0.7185 -0.7250 
-0.7319 -0.7389 -0.7458 -0.7525 -0.7587 -0.7644 -0.7694 -0.7739 -0.7779 
-0.7816 -0.7850 -0.7885 -0.7923 -0.7966 -0.8018 -0.8082 -0.8162 -0.8261 
 0.7513  0.7500  0.7482  0.7458  0.7429  0.7416  0.7272  0.7258  0.7270 
 0.7221  0.7173  0.7112  0.7050  0.6989  0.6921  0.6838  0.6758  0.6684 
 0.6602  0.6507  0.6398  0.6274  0.6131  0.5969  0.5783  0.5571  0.5328 
 0.5051  0.4736  0.4380  0.3978  0.3526  0.3022  0.2464  0.1859  0.1216 
 0.0557 -0.0094 -0.0714 -0.1285 -0.1802 -0.2267 -0.2684 -0.3076 -0.3405 
-0.3703 -0.3969 -0.4202 -0.4404 -0.4578 -0.4726 -0.4852 -0.4961 -0.5054 
-0.5134 -0.5204 -0.5266 -0.5320 -0.5369 -0.5413 -0.5453 -0.5490 -0.5526 
-0.5561 -0.5597 -0.5635 -0.5675 -0.5718 -0.5766 -0.5819 -0.5878 -0.5944 
-0.6017 -0.6097 -0.6184 -0.6277 -0.6374 -0.6472 -0.6570 -0.6663 -0.6751 
-0.6830 -0.6901 -0.6964 -0.7021 -0.7072 -0.7121 -0.7170 -0.7222 -0.7281 
-0.7349 -0.7430 -0.7527 -0.7642 -0.7777 -0.7931 -0.8105 -0.8294 -0.8496 
 0.8317  0.8294  0.8265  0.8231  0.8192  0.8169  0.8030  0.7948  0.7994 
 0.7937  0.7878  0.7809  0.7733  0.7655  0.7567  0.7465  0.7350  0.7239 
 0.7111  0.6962  0.6790  0.6593  0.6369  0.6113  0.5823  0.5497  0.5132 
 0.4727  0.4280  0.3791  0.3263  0.2701  0.2116  0.1522  0.0938  0.0381 
-0.0137 -0.0612 -0.1044 -0.1435 -0.1786 -0.2100 -0.2376 -0.2633 -0.2840 
-0.3017 -0.3174 -0.3309 -0.3426 -0.3526 -0.3614 -0.3690 -0.3757 -0.3818 
-0.3872 -0.3922 -0.3969 -0.4014 -0.4059 -0.4104 -0.4152 -0.4203 -0.4259 
-0.4320 -0.4388 -0.4463 -0.4547 -0.4640 -0.4742 -0.4853 -0.4972 -0.5095 
-0.5222 -0.5347 -0.5468 -0.5581 -0.5685 -0.5778 -0.5860 -0.5933 -0.6000 
-0.6062 -0.6123 -0.6186 -0.6253 -0.6327 -0.6411 -0.6505 -0.6611 -0.6728 
-0.6854 -0.6985 -0.7119 -0.7250 -0.7374 -0.7487 -0.7587 -0.7671 -0.7740 
 0.9116  0.9083  0.9045  0.9001  0.8953  0.8912  0.8804  0.8625  0.8709 
 0.8643  0.8568  0.8479  0.8374  0.8271  0.8146  0.8005  0.7841  0.7668 
 0.7470  0.7243  0.6985  0.6694  0.6369  0.6008  0.5612  0.5183  0.4721 
 0.4230  0.3716  0.3186  0.2653  0.2130  0.1629  0.1160  0.0726  0.0331 
-0.0025 -0.0344 -0.0628 -0.0877 -0.1095 -0.1283 -0.1444 -0.1594 -0.1716 
-0.1813 -0.1906 -0.1987 -0.2059 -0.2124 -0.2184 -0.2240 -0.2294 -0.2347 
-0.2401 -0.2458 -0.2518 -0.2583 -0.2654 -0.2733 -0.2821 -0.2918 -0.3026 
-0.3145 -0.3274 -0.3412 -0.3558 -0.3707 -0.3857 -0.4003 -0.4141 -0.4268 
-0.4383 -0.4486 -0.4576 -0.4657 -0.4730 -0.4799 -0.4866 -0.4934 -0.5004 
-0.5079 -0.5157 -0.5240 -0.5325 -0.5411 -0.5496 -0.5576 -0.5650 -0.5715 
-0.5770 -0.5817 -0.5854 -0.5882 -0.5905 -0.5923 -0.5936 -0.5945 -0.5953 
 0.9908  0.9865  0.9817  0.9764  0.9705  0.9638  0.9661  0.9263  0.9392 
 0.9312  0.9209  0.9085  0.8946  0.8792  0.8612  0.8409  0.8178  0.7926 
 0.7645  0.7332  0.6987  0.6610  0.6206  0.5776  0.5325  0.4858  0.4382 
 0.3904  0.3436  0.2986  0.2564  0.2173  0.1817  0.1496  0.1210  0.0958 
 0.0738  0.0546  0.0380  0.0236  0.0111  0.0002 -0.0093 -0.0182 -0.0263 
-0.0325 -0.0390 -0.0452 -0.0513 -0.0574 -0.0637 -0.0704 -0.0776 -0.0854 
-0.0940 -0.1035 -0.1141 -0.1258 -0.1387 -0.1528 -0.1680 -0.1841 -0.2008 
-0.2178 -0.2345 -0.2506 -0.2656 -0.2793 -0.2915 -0.3024 -0.3119 -0.3203 
-0.3278 -0.3348 -0.3413 -0.3476 -0.3538 -0.3599 -0.3658 -0.3716 -0.3771 
-0.3821 -0.3867 -0.3906 -0.3940 -0.3967 -0.3988 -0.4005 -0.4019 -0.4028 
-0.4036 -0.4041 -0.4045 -0.4049 -0.4051 -0.4053 -0.4055 -0.4057 -0.4059 
 1.0687  1.0633  1.0573  1.0507  1.0433  1.0342  1.0347  0.9880  0.9988 
 0.9909  0.9766  0.9594  0.9401  0.9185  0.8941  0.8668  0.8366  0.8041 
 0.7692  0.7319  0.6925  0.6515  0.6093  0.5665  0.5238  0.4819  0.4417 
 0.4037  0.3686  0.3366  0.3080  0.2825  0.2602  0.2407  0.2237  0.2089 
 0.1961  0.1848  0.1749  0.1660  0.1580  0.1505  0.1436  0.1367  0.1293 
 0.1232  0.1160  0.1084  0.1003  0.0913  0.0814  0.0705  0.0584  0.0451 
 0.0305  0.0146 -0.0024 -0.0203 -0.0387 -0.0572 -0.0753 -0.0925 -0.1084 
-0.1227 -0.1355 -0.1466 -0.1563 -0.1647 -0.1721 -0.1786 -0.1844 -0.1898 
-0.1946 -0.1991 -0.2031 -0.2067 -0.2097 -0.2124 -0.2146 -0.2164 -0.2178 
-0.2189 -0.2199 -0.2205 -0.2210 -0.2214 -0.2216 -0.2219 -0.2221 -0.2222 
-0.2224 -0.2226 -0.2228 -0.2230 -0.2233 -0.2237 -0.2242 -0.2248 -0.2255 
 1.1450  1.1382  1.1305  1.1220  1.1124  1.1005  1.0973  1.0452  1.0469 
 1.0419  1.0222  0.9995  0.9743  0.9468  0.9166  0.8840  0.8494  0.8134 
 0.7765  0.7387  0.7005  0.6624  0.6251  0.5892  0.5553  0.5239  0.4953 
 0.4697  0.4470  0.4271  0.4097  0.3946  0.3813  0.3697  0.3594  0.3501 
 0.3417  0.3338  0.3263  0.3190  0.3117  0.3042  0.2964  0.2880  0.2784 
 0.2690  0.2582  0.2461  0.2328  0.2181  0.2022  0.1849  0.1664  0.1472 
 0.1274  0.1078  0.0887  0.0706  0.0540  0.0391  0.0260  0.0146  0.0049 
-0.0034 -0.0104 -0.0164 -0.0215 -0.0258 -0.0295 -0.0327 -0.0353 -0.0374 
-0.0392 -0.0406 -0.0417 -0.0426 -0.0433 -0.0438 -0.0442 -0.0445 -0.0447 
-0.0449 -0.0451 -0.0452 -0.0454 -0.0455 -0.0457 -0.0460 -0.0463 -0.0467 
-0.0472 -0.0478 -0.0485 -0.0495 -0.0507 -0.0521 -0.0539 -0.0562 -0.0589 
 1.2182  1.2095  1.1996  1.1885  1.1754  1.1624  1.1538  1.1019  1.0815 
 1.0845  1.0598  1.0326  1.0030  0.9724  0.9398  0.9063  0.8720  0.8377 
 0.8038  0.7706  0.7387  0.7084  0.6803  0.6547  0.6317  0.6113  0.5934 
 0.5777  0.5640  0.5519  0.5411  0.5314  0.5226  0.5143  0.5064  0.4986 
 0.4908  0.4828  0.4744  0.4654  0.4557  0.4452  0.4335  0.4207  0.4060 
 0.3908  0.3739  0.3556  0.3361  0.3158  0.2950  0.2743  0.2542  0.2353 
 0.2179  0.2024  0.1887  0.1770  0.1671  0.1588  0.1520  0.1464  0.1418 
 0.1380  0.1350  0.1327  0.1308  0.1293  0.1281  0.1273  0.1266  0.1261 
 0.1257  0.1255  0.1252  0.1251  0.1249  0.1248  0.1246  0.1244  0.1243 
 0.1240  0.1237  0.1234  0.1229  0.1223  0.1216  0.1207  0.1196  0.1183 
 0.1166  0.1146  0.1121  0.1090  0.1053  0.1008  0.0954  0.0889  0.0811 
 1.2879  1.2766  1.2639  1.2497  1.2332  1.2160  1.2014  1.1634  1.1079 
 1.1243  1.0965  1.0677  1.0376  1.0075  0.9768  0.9464  0.9166  0.8879 
 0.8608  0.8356  0.8125  0.7917  0.7731  0.7568  0.7424  0.7296  0.7183 
 0.7081  0.6987  0.6900  0.6816  0.6735  0.6653  0.6569  0.6481  0.6388 
 0.6287  0.6176  0.6055  0.5922  0.5775  0.5614  0.5438  0.5248  0.5043 
 0.4834  0.4619  0.4402  0.4192  0.3993  0.3809  0.3645  0.3500  0.3377 
 0.3273  0.3187  0.3117  0.3061  0.3016  0.2981  0.2954  0.2933  0.2917 
 0.2905  0.2896  0.2890  0.2885  0.2881  0.2878  0.2876  0.2874  0.2872 
 0.2871  0.2869  0.2867  0.2865  0.2863  0.2860  0.2856  0.2851  0.2844 
 0.2837  0.2827  0.2815  0.2801  0.2784  0.2763  0.2737  0.2706  0.2669 
 0.2624  0.2571  0.2508  0.2434  0.2349  0.2250  0.2138  0.2013  0.1873 
 1.3549  1.3409  1.3253  1.3080  1.2886  1.2673  1.2468  1.2242  1.1539 
 1.1625  1.1428  1.1155  1.0884  1.0620  1.0364  1.0119  0.9891  0.9681 
 0.9491  0.9321  0.9170  0.9035  0.8915  0.8807  0.8708  0.8616  0.8529 
 0.8444  0.8358  0.8272  0.8181  0.8085  0.7982  0.7869  0.7746  0.7610 
 0.7461  0.7297  0.7119  0.6926  0.6719  0.6503  0.6280  0.6057  0.5834 
 0.5626  0.5433  0.5258  0.5103  0.4971  0.4859  0.4767  0.4693  0.4634 
 0.4588  0.4552  0.4525  0.4504  0.4489  0.4478  0.4469  0.4463  0.4458 
 0.4455  0.4452  0.4450  0.4448  0.4446  0.4444  0.4442  0.4440  0.4437 
 0.4434  0.4430  0.4425  0.4418  0.4410  0.4401  0.4389  0.4375  0.4358 
 0.4338  0.4313  0.4284  0.4249  0.4207  0.4157  0.4100  0.4033  0.3955 
 0.3866  0.3766  0.3654  0.3530  0.3395  0.3249  0.3093  0.2930  0.2760 
 1.4201  1.4036  1.3857  1.3662  1.3454  1.3227  1.3007  1.2806  1.2253 
 1.2135  1.2057  1.1824  1.1605  1.1399  1.1209  1.1032  1.0874  1.0732 
 1.0605  1.0490  1.0385  1.0288  1.0196  1.0107  1.0019  0.9930  0.9838 
 0.9741  0.9637  0.9525  0.9402  0.9267  0.9119  0.8956  0.8777  0.8584 
 0.8377  0.8158  0.7930  0.7700  0.7471  0.7251  0.7044  0.6855  0.6685 
 0.6540  0.6418  0.6316  0.6233  0.6167  0.6115  0.6076  0.6046  0.6023 
 0.6006  0.5994  0.5985  0.5978  0.5973  0.5969  0.5966  0.5964  0.5961 
 0.5959  0.5957  0.5955  0.5952  0.5948  0.5944  0.5939  0.5933  0.5926 
 0.5917  0.5906  0.5893  0.5878  0.5859  0.5837  0.5810  0.5779  0.5742 
 0.5698  0.5648  0.5589  0.5522  0.5445  0.5358  0.5261  0.5154  0.5036 
 0.4909  0.4774  0.4631  0.4483  0.4330  0.4176  0.4021  0.3868  0.3720 
 1.4856  1.4678  1.4489  1.4290  1.4083  1.3867  1.3655  1.3468  1.3137 
 1.2841  1.2870  1.2684  1.2520  1.2375  1.2240  1.2115  1.2004  1.1901 
 1.1804  1.1711  1.1621  1.1530  1.1437  1.1340  1.1237  1.1126  1.1006 
 1.0874  1.0729  1.0570  1.0396  1.0206  1.0002  0.9783  0.9555  0.9320 
 0.9084  0.8853  0.8633  0.8428  0.8243  0.8081  0.7942  0.7825  0.7728 
 0.7651  0.7593  0.7546  0.7510  0.7484  0.7464  0.7449  0.7438  0.7430 
 0.7424  0.7420  0.7416  0.7413  0.7410  0.7408  0.7405  0.7402  0.7399 
 0.7395  0.7391  0.7385  0.7378  0.7371  0.7361  0.7350  0.7336  0.7320 
 0.7301  0.7278  0.7252  0.7220  0.7184  0.7141  0.7092  0.7035  0.6970 
 0.6897  0.6816  0.6725  0.6625  0.6517  0.6401  0.6279  0.6150  0.6018 
 0.5883  0.5747  0.5612  0.5480  0.5353  0.5231  0.5117  0.5010  0.4912 
 1.5553  1.5376  1.5193  1.5008  1.4822  1.4632  1.4447  1.4276  1.4117 
 1.3812  1.3812  1.3706  1.3588  1.3480  1.3379  1.3279  1.3184  1.3092 
 1.2998  1.2901  1.2800  1.2692  1.2575  1.2448  1.2309  1.2156  1.1988 
 1.1805  1.1606  1.1392  1.1166  1.0930  1.0690  1.0450  1.0217  0.9997 
 0.9794  0.9612  0.9453  0.9318  0.9206  0.9115  0.9042  0.8986  0.8942 
 0.8908  0.8884  0.8866  0.8852  0.8842  0.8835  0.8829  0.8824  0.8821 
 0.8818  0.8815  0.8812  0.8808  0.8805  0.8801  0.8796  0.8790  0.8783 
 0.8775  0.8766  0.8754  0.8741  0.8725  0.8706  0.8685  0.8659  0.8629 
 0.8594  0.8554  0.8507  0.8454  0.8394  0.8327  0.8252  0.8169  0.8079 
 0.7981  0.7877  0.7767  0.7653  0.7536  0.7417  0.7299  0.7182  0.7068 
 0.6959  0.6855  0.6757  0.6667  0.6585  0.6509  0.6442  0.6382  0.6329 
 1.6307  1.6145  1.5983  1.5823  1.5668  1.5515  1.5369  1.5236  1.5113 
 1.4945  1.4870  1.4795  1.4694  1.4600  1.4506  1.4408  1.4306  1.4203 
 1.4091  1.3970  1.3838  1.3693  1.3535  1.3361  1.3172  1.2967  1.2748 
 1.2516  1.2275  1.2031  1.1788  1.1552  1.1331  1.1128  1.0946  1.0789 
 1.0655  1.0544  1.0454  1.0383  1.0327  1.0285  1.0253  1.0229  1.0211 
 1.0196  1.0188  1.0180  1.0174  1.0170  1.0166  1.0162  1.0159  1.0155 
 1.0151  1.0147  1.0142  1.0136  1.0130  1.0122  1.0113  1.0102  1.0090 
 1.0075  1.0058  1.0037  1.0014  0.9986  0.9954  0.9918  0.9876  0.9828 
 0.9774  0.9714  0.9647  0.9573  0.9493  0.9406  0.9314  0.9218  0.9118 
 0.9015  0.8911  0.8808  0.8706  0.8607  0.8512  0.8423  0.8339  0.8261 
 0.8190  0.8126  0.8068  0.8016  0.7971  0.7931  0.7896  0.7866  0.7840 
 1.7137  1.7000  1.6865  1.6734  1.6611  1.6488  1.6369  1.6258  1.6160 
 1.6037  1.5933  1.5876  1.5774  1.5674  1.5569  1.5450  1.5326  1.5190 
 1.5042  1.4880  1.4703  1.4511  1.4302  1.4079  1.3844  1.3601  1.3353 
 1.3108  1.2871  1.2648  1.2443  1.2260  1.2101  1.1967  1.1855  1.1765 
 1.1693  1.1637  1.1595  1.1562  1.1538  1.1520  1.1506  1.1496  1.1489 
 1.1482  1.1477  1.1473  1.1469  1.1465  1.1461  1.1457  1.1452  1.1447 
 1.1440  1.1433  1.1425  1.1415  1.1404  1.1390  1.1375  1.1357  1.1336 
 1.1311  1.1283  1.1251  1.1214  1.1172  1.1125  1.1072  1.1013  1.0949 
 1.0879  1.0803  1.0723  1.0639  1.0551  1.0462  1.0372  1.0281  1.0193 
 1.0107  1.0024  0.9946  0.9873  0.9805  0.9743  0.9687  0.9636  0.9590 
 0.9550  0.9514  0.9482  0.9454  0.9430  0.9408  0.9389  0.9372  0.9356 
 1.8033  1.7925  1.7816  1.7710  1.7608  1.7503  1.7396  1.7292  1.7194 
 1.7094  1.6943  1.6892  1.6773  1.6650  1.6514  1.6363  1.6199  1.6020 
 1.5826  1.5617  1.5393  1.5157  1.4912  1.4663  1.4416  1.4177  1.3951 
 1.3744  1.3558  1.3396  1.3258  1.3144  1.3051  1.2978  1.2920  1.2876 
 1.2843  1.2817  1.2799  1.2784  1.2774  1.2765  1.2759  1.2753  1.2748 
 1.2744  1.2739  1.2735  1.2730  1.2725  1.2719  1.2713  1.2705  1.2697 
 1.2687  1.2675  1.2662  1.2646  1.2628  1.2607  1.2583  1.2555  1.2523 
 1.2488  1.2447  1.2402  1.2352  1.2297  1.2236  1.2172  1.2103  1.2030 
 1.1955  1.1877  1.1799  1.1720  1.1643  1.1568  1.1496  1.1427  1.1362 
 1.1302  1.1247  1.1196  1.1150  1.1109  1.1071  1.1038  1.1007  1.0980 
 1.0955  1.0932  1.0910  1.0889  1.0869  1.0848  1.0827  1.0803  1.0777 
 1.8971  1.8890  1.8803  1.8710  1.8617  1.8519  1.8406  1.8292  1.8178 
 1.8073  1.7869  1.7796  1.7660  1.7500  1.7323  1.7129  1.6921  1.6699 
 1.6464  1.6220  1.5972  1.5724  1.5483  1.5255  1.5044  1.4854  1.4687 
 1.4545  1.4426  1.4329  1.4252  1.4192  1.4145  1.4109  1.4082  1.4062 
 1.4047  1.4035  1.4026  1.4018  1.4012  1.4006  1.4002  1.3997  1.3992 
 1.3987  1.3982  1.3976  1.3969  1.3962  1.3953  1.3943  1.3932  1.3919 
 1.3903  1.3886  1.3866  1.3843  1.3816  1.3787  1.3753  1.3715  1.3674 
 1.3627  1.3577  1.3523  1.3464  1.3403  1.3339  1.3272  1.3205  1.3137 
 1.3070  1.3004  1.2941  1.2880  1.2822  1.2768  1.2718  1.2671  1.2628 
 1.2589  1.2553  1.2519  1.2488  1.2458  1.2431  1.2403  1.2377  1.2349 
 1.2321  1.2292  1.2260  1.2224  1.2184  1.2137  1.2081  1.2013  1.1929 
 1.9923  1.9858  1.9803  1.9711  1.9616  1.9506  1.9380  1.9243  1.9103 
 1.8970  1.8707  1.8588  1.8433  1.8232  1.8015  1.7782  1.7541  1.7295 
 1.7049  1.6809  1.6579  1.6365  1.6171  1.5999  1.5852  1.5727  1.5625 
 1.5543  1.5479  1.5429  1.5390  1.5360  1.5338  1.5321  1.5307  1.5297 
 1.5288  1.5281  1.5275  1.5270  1.5265  1.5259  1.5254  1.5249  1.5243 
 1.5237  1.5229  1.5221  1.5211  1.5200  1.5188  1.5174  1.5158  1.5139 
 1.5118  1.5094  1.5067  1.5036  1.5002  1.4965  1.4923  1.4879  1.4831 
 1.4779  1.4726  1.4670  1.4613  1.4555  1.4497  1.4439  1.4383  1.4329 
 1.4277  1.4227  1.4181  1.4136  1.4095  1.4056  1.4019  1.3983  1.3949 
 1.3915  1.3881  1.3847  1.3811  1.3774  1.3734  1.3691  1.3643  1.3590 
 1.3530  1.3461  1.3381  1.3285  1.3169  1.3025  1.2846  1.2622  1.2342 
 2.0884  2.0812  2.0814  2.0723  2.0614  2.0480  2.0326  2.0156  1.9979 
 1.9808  1.9504  1.9313  1.9149  1.8914  1.8674  1.8430  1.8191  1.7962 
 1.7747  1.7551  1.7376  1.7223  1.7094  1.6987  1.6900  1.6831  1.6777 
 1.6735  1.6702  1.6677  1.6658  1.6642  1.6630  1.6620  1.6612  1.6605 
 1.6599  1.6593  1.6588  1.6583  1.6577  1.6571  1.6565  1.6558  1.6550 
 1.6542  1.6532  1.6520  1.6507  1.6493  1.6476  1.6457  1.6436  1.6412 
 1.6386  1.6356  1.6323  1.6288  1.6249  1.6208  1.6164  1.6118  1.6071 
 1.6022  1.5972  1.5923  1.5874  1.5825  1.5778  1.5732  1.5688  1.5645 
 1.5603  1.5562  1.5522  1.5482  1.5442  1.5400  1.5357  1.5312  1.5263 
 1.5210  1.5153  1.5090  1.5020  1.4942  1.4855  1.4757  1.4645  1.4515 
 1.4360  1.4173  1.3946  1.3667  1.3329  1.2922  1.2444  1.1898  1.1290 
 2.1838  2.1759  2.1829  2.1765  2.1635  2.1471  2.1287  2.1080  2.0856 
 2.0642  2.0333  2.0068  1.9913  1.9677  1.9448  1.9232  1.9033  1.8854 
 1.8698  1.8564  1.8451  1.8358  1.8284  1.8225  1.8178  1.8142  1.8113 
 1.8091  1.8073  1.8059  1.8047  1.8038  1.8030  1.8023  1.8017  1.8011 
 1.8005  1.8000  1.7994  1.7988  1.7981  1.7974  1.7966  1.7958  1.7948 
 1.7937  1.7924  1.7910  1.7894  1.7875  1.7855  1.7833  1.7808  1.7780 
 1.7750  1.7718  1.7683  1.7646  1.7608  1.7567  1.7526  1.7484  1.7441 
 1.7397  1.7354  1.7311  1.7268  1.7225  1.7182  1.7138  1.7093  1.7046 
 1.6996  1.6944  1.6888  1.6826  1.6759  1.6685  1.6604  1.6514  1.6415 
 1.6305  1.6183  1.6048  1.5896  1.5724  1.5526  1.5294  1.5019  1.4690 
 1.4300  1.3843  1.3317  1.2727  1.2080  1.1385  1.0648  0.9872  0.9057 
 2.2823  2.2734  2.2881  2.2926  2.2770  2.2581  2.2358  2.2119  2.1865 
 2.1625  2.1355  2.1035  2.0901  2.0694  2.0507  2.0342  2.0199  2.0079 
 1.9979  1.9898  1.9832  1.9780  1.9738  1.9705  1.9679  1.9659  1.9642 
 1.9628  1.9617  1.9608  1.9600  1.9593  1.9586  1.9580  1.9575  1.9569 
 1.9563  1.9557  1.9551  1.9544  1.9536  1.9528  1.9518  1.9508  1.9496 
 1.9483  1.9468  1.9451  1.9432  1.9412  1.9389  1.9364  1.9338  1.9309 
 1.9278  1.9245  1.9211  1.9175  1.9138  1.9099  1.9059  1.9018  1.8976 
 1.8932  1.8886  1.8838  1.8786  1.8731  1.8671  1.8605  1.8532  1.8452 
 1.8362  1.8262  1.8151  1.8027  1.7890  1.7738  1.7572  1.7389  1.7189 
 1.6966  1.6717  1.6434  1.6109  1.5731  1.5295  1.4793  1.4228  1.3602 
 1.2923  1.2198  1.1429  1.0617  0.9760  0.8854  0.7898  0.6898  0.5863 
 2.3905  2.3808  2.3997  2.4292  2.4120  2.3913  2.3666  2.3409  2.3144 
 2.2887  2.2654  2.2358  2.2235  2.2072  2.1931  2.1814  2.1718  2.1640 
 2.1578  2.1527  2.1487  2.1455  2.1430  2.1409  2.1392  2.1379  2.1367 
 2.1358  2.1350  2.1343  2.1336  2.1330  2.1324  2.1319  2.1313  2.1307 
 2.1301  2.1295  2.1287  2.1279  2.1271  2.1261  2.1250  2.1237  2.1224 
 2.1209  2.1193  2.1173  2.1153  2.1131  2.1106  2.1080  2.1052  2.1022 
 2.0990  2.0955  2.0919  2.0880  2.0838  2.0793  2.0745  2.0692  2.0634 
 2.0570  2.0499  2.0420  2.0330  2.0230  2.0116  1.9988  1.9844  1.9682 
 1.9502  1.9303  1.9084  1.8845  1.8585  1.8302  1.7992  1.7651  1.7271 
 1.6842  1.6359  1.5818  1.5218  1.4560  1.3853  1.3098  1.2300  1.1457 
 1.0564  0.9621  0.8630  0.7596  0.6533  0.5454  0.4381  0.3329  0.2323 
 2.5124  2.5142  2.6074  2.5925  2.5744  2.5529  2.5273  2.5011  2.4746 
 2.4496  2.4280  2.4046  2.3920  2.3793  2.3686  2.3600  2.3531  2.3476 
 2.3432  2.3397  2.3369  2.3346  2.3328  2.3313  2.3301  2.3291  2.3282 
 2.3274  2.3268  2.3262  2.3256  2.3250  2.3245  2.3239  2.3233  2.3227 
 2.3220  2.3213  2.3204  2.3195  2.3185  2.3174  2.3161  2.3147  2.3131 
 2.3114  2.3095  2.3074  2.3050  2.3025  2.2997  2.2966  2.2933  2.2896 
 2.2855  2.2810  2.2760  2.2704  2.2642  2.2571  2.2492  2.2401  2.2297 
 2.2179  2.2045  2.1891  2.1717  2.1520  2.1299  2.1052  2.0778  2.0478 
 2.0152  1.9799  1.9419  1.9009  1.8563  1.8077  1.7543  1.6957  1.6318 
 1.5628  1.4890  1.4107  1.3281  1.2408  1.1487  1.0515  0.9498  0.8442 
 0.7360  0.6267  0.5182  0.4124  0.3113  0.2167  0.1304  0.0535 -0.0127 
 2.6672  2.6486  2.7847  2.7871  2.7681  2.7463  2.7212  2.6945  2.6680 
 2.6436  2.6222  2.6023  2.5891  2.5777  2.5684  2.5610  2.5552  2.5506 
 2.5469  2.5440  2.5417  2.5399  2.5384  2.5371  2.5361  2.5352  2.5345 
 2.5338  2.5332  2.5326  2.5320  2.5315  2.5309  2.5302  2.5296  2.5288 
 2.5280  2.5271  2.5261  2.5250  2.5238  2.5224  2.5209  2.5191  2.5172 
 2.5150  2.5126  2.5098  2.5068  2.5033  2.4994  2.4950  2.4901  2.4844 
 2.4780  2.4706  2.4622  2.4525  2.4413  2.4284  2.4136  2.3966  2.3770 
 2.3548  2.3294  2.3009  2.2689  2.2334  2.1946  2.1524  2.1070  2.0584 
 2.0065  1.9510  1.8915  1.8276  1.7591  1.6862  1.6090  1.5276  1.4421 
 1.3520  1.2575  1.1581  1.0545  0.9473  0.8379  0.7278  0.6186  0.5124 
 0.4111  0.3163  0.2299  0.1533  0.0871  0.0317 -0.0136 -0.0495 -0.0776 
 2.8427  2.8154  2.9724  3.0019  2.9858  2.9621  2.9360  2.9089  2.8820 
 2.8567  2.8351  2.8165  2.8022  2.7909  2.7819  2.7748  2.7693  2.7649 
 2.7616  2.7588  2.7567  2.7550  2.7536  2.7524  2.7514  2.7506  2.7498 
 2.7492  2.7485  2.7479  2.7472  2.7466  2.7458  2.7451  2.7442  2.7433 
 2.7423  2.7411  2.7398  2.7384  2.7367  2.7348  2.7327  2.7302  2.7275 
 2.7243  2.7207  2.7165  2.7118  2.7063  2.7000  2.6927  2.6843  2.6746 
 2.6633  2.6501  2.6349  2.6174  2.5970  2.5736  2.5467  2.5161  2.4813 
 2.4423  2.3989  2.3513  2.2995  2.2438  2.1845  2.1216  2.0550  1.9847 
 1.9107  1.8329  1.7514  1.6661  1.5772  1.4844  1.3874  1.2861  1.1809 
 1.0726  0.9623  0.8513  0.7416  0.6348  0.5328  0.4375  0.3506  0.2734 
 0.2067  0.1506  0.1048  0.0683  0.0399  0.0181  0.0016 -0.0106 -0.0197 
 3.0340  3.0475  3.1799  3.2258  3.2080  3.1859  3.1574  3.1282  3.1004 
 3.0751  3.0530  3.0348  3.0205  3.0095  3.0004  2.9932  2.9879  2.9836 
 2.9803  2.9777  2.9755  2.9739  2.9724  2.9712  2.9702  2.9693  2.9685 
 2.9677  2.9669  2.9662  2.9653  2.9645  2.9635  2.9625  2.9614  2.9601 
 2.9586  2.9569  2.9551  2.9529  2.9504  2.9476  2.9443  2.9405  2.9361 
 2.9310  2.9251  2.9182  2.9102  2.9009  2.8901  2.8775  2.8628  2.8457 
 2.8258  2.8027  2.7760  2.7453  2.7101  2.6700  2.6249  2.5745  2.5189 
 2.4583  2.3930  2.3235  2.2501  2.1730  2.0925  2.0087  1.9217  1.8317 
 1.7385  1.6422  1.5422  1.4387  1.3318  1.2222  1.1108  0.9989  0.8882 
 0.7804  0.6773  0.5806  0.4921  0.4134  0.3450  0.2874  0.2401  0.2023 
 0.1727  0.1499  0.1328  0.1199  0.1104  0.1034  0.0983  0.0946  0.0918 
 3.2438  3.2635  3.3869  3.4571  3.4380  3.4142  3.3865  3.3580  3.3274 
 3.2986  3.2758  3.2572  3.2423  3.2300  3.2203  3.2132  3.2074  3.2026 
 3.1990  3.1962  3.1939  3.1920  3.1904  3.1891  3.1879  3.1868  3.1857 
 3.1847  3.1836  3.1826  3.1814  3.1802  3.1788  3.1773  3.1756  3.1737 
 3.1715  3.1689  3.1660  3.1626  3.1586  3.1540  3.1487  3.1424  3.1352 
 3.1267  3.1168  3.1051  3.0917  3.0759  3.0574  3.0359  3.0109  2.9818 
 2.9483  2.9097  2.8656  2.8158  2.7599  2.6979  2.6300  2.5568  2.4785 
 2.3959  2.3094  2.2195  2.1266  2.0310  1.9328  1.8319  1.7283  1.6219 
 1.5128  1.4013  1.2882  1.1748  1.0624  0.9526  0.8472  0.7479  0.6565 
 0.5744  0.5027  0.4417  0.3914  0.3508  0.3188  0.2942  0.2755  0.2614 
 0.2510  0.2433  0.2376  0.2335  0.2305  0.2282  0.2265  0.2252  0.2242 
 3.4657  3.4809  3.5922  3.6888  3.6684  3.6431  3.6142  3.5836  3.5533 
 3.5263  3.5013  3.4780  3.4622  3.4491  3.4391  3.4310  3.4242  3.4192 
 3.4153  3.4120  3.4089  3.4067  3.4047  3.4030  3.4015  3.4000  3.3986 
 3.3972  3.3957  3.3941  3.3925  3.3906  3.3885  3.3862  3.3835  3.3805 
 3.3770  3.3729  3.3682  3.3627  3.3563  3.3488  3.3400  3.3297  3.3177 
 3.3036  3.2872  3.2679  3.2454  3.2192  3.1887  3.1534  3.1126  3.0660 
 3.0129  2.9533  2.8867  2.8135  2.7340  2.6489  2.5588  2.4645  2.3665 
 2.2656  2.1621  2.0563  1.9484  1.8382  1.7259  1.6117  1.4963  1.3806 
 1.2656  1.1529  1.0440  0.9407  0.8446  0.7574  0.6802  0.6139  0.5584 
 0.5132  0.4772  0.4492  0.4278  0.4116  0.3996  0.3907  0.3841  0.3792 
 0.3756  0.3730  0.3709  0.3693  0.3679  0.3666  0.3655  0.3643  0.3629 
 3.6881  3.7246  3.9264  3.9100  3.8883  3.8621  3.8320  3.7999  3.7686 
 3.7405  3.7160  3.6961  3.6799  3.6609  3.6502  3.6418  3.6350  3.6294 
 3.6241  3.6204  3.6173  3.6146  3.6119  3.6094  3.6074  3.6055  3.6034 
 3.6014  3.5993  3.5969  3.5945  3.5915  3.5883  3.5847  3.5805  3.5756 
 3.5701  3.5636  3.5560  3.5471  3.5368  3.5246  3.5104  3.4937  3.4743 
 3.4515  3.4249  3.3938  3.3578  3.3163  3.2685  3.2140  3.1523  3.0832 
 3.0068  2.9235  2.8338  2.7383  2.6381  2.5340  2.4266  2.3167  2.2045 
 2.0904  1.9746  1.8573  1.7389  1.6201  1.5017  1.3850  1.2716  1.1626 
 1.0601  0.9657  0.8807  0.8062  0.7428  0.6902  0.6476  0.6141  0.5881 
 0.5683  0.5535  0.5424  0.5342  0.5281  0.5236  0.5202  0.5175  0.5153 
 0.5135  0.5118  0.5102  0.5085  0.5065  0.5042  0.5013  0.4975  0.4928 
 3.9186  4.1483  4.1447  4.1306  4.1068  4.0806  4.0503  4.0182  3.9865 
 3.9569  3.9308  3.9089  3.8925  3.8767  3.8647  3.8564  3.8410  3.8338 
 3.8284  3.8236  3.8198  3.8151  3.8118  3.8089  3.8057  3.8025  3.7996 
 3.7966  3.7933  3.7898  3.7860  3.7816  3.7767  3.7708  3.7643  3.7567 
 3.7479  3.7376  3.7255  3.7115  3.6950  3.6758  3.6532  3.6269  3.5962 
 3.5606  3.5193  3.4717  3.4171  3.3551  3.2854  3.2079  3.1228  3.0307 
 2.9323  2.8284  2.7198  2.6079  2.4930  2.3759  2.2568  2.1364  2.0149 
 1.8927  1.7708  1.6498  1.5311  1.4160  1.3060  1.2028  1.1080  1.0229 
 0.9487  0.8856  0.8334  0.7914  0.7582  0.7326  0.7132  0.6985  0.6876 
 0.6794  0.6733  0.6687  0.6650  0.6621  0.6596  0.6574  0.6551  0.6527 
 0.6500  0.6468  0.6427  0.6376  0.6312  0.6231  0.6132  0.6015  0.5881 
 4.3299  4.3491  4.3380  4.3230  4.3050  4.2859  4.2535  4.2213  4.1901 
 4.1608  4.1351  4.1128  4.0951  4.0779  4.0649  4.0539  4.0447  4.0382 
 4.0242  4.0170  4.0119  4.0072  4.0031  3.9978  3.9936  3.9896  3.9858 
 3.9804  3.9754  3.9702  3.9642  3.9575  3.9500  3.9412  3.9311  3.9192 
 3.9055  3.8895  3.8708  3.8490  3.8235  3.7938  3.7592  3.7191  3.6727 
 3.6193  3.5586  3.4899  3.4131  3.3283  3.2357  3.1362  3.0306  2.9200 
 2.8050  2.6870  2.5662  2.4436  2.3197  2.1947  2.0695  1.9445  1.8210 
 1.6999  1.5824  1.4702  1.3648  1.2678  1.1806  1.1044  1.0393  0.9854 
 0.9418  0.9073  0.8806  0.8602  0.8448  0.8333  0.8246  0.8180  0.8128 
 0.8087  0.8053  0.8022  0.7992  0.7961  0.7926  0.7884  0.7832  0.7767 
 0.7687  0.7588  0.7470  0.7334  0.7182  0.7022  0.6858  0.6698  0.6547 
 4.5238  4.5068  4.5160  4.5055  4.4866  4.4655  4.4454  4.4217  4.4630 
 4.3823  4.3386  4.3155  4.2968  4.2789  4.2634  4.2501  4.2387  4.2291 
 4.2206  4.2140  4.2003  4.1914  4.1852  4.1794  4.1739  4.1669  4.1603 
 4.1538  4.1469  4.1383  4.1289  4.1188  4.1072  4.0937  4.0784  4.0605 
 4.0395  4.0149  3.9867  3.9537  3.9154  3.8711  3.8200  3.7615  3.6952 
 3.6205  3.5376  3.4465  3.3478  3.2429  3.1312  3.0151  2.8953  2.7726 
 2.6476  2.5210  2.3936  2.2658  2.1385  2.0123  1.8884  1.7682  1.6526 
 1.5438  1.4431  1.3520  1.2715  1.2024  1.1447  1.0976  1.0601  1.0308 
 1.0083  0.9913  0.9783  0.9684  0.9609  0.9549  0.9500  0.9457  0.9417 
 0.9377  0.9333  0.9281  0.9219  0.9143  0.9050  0.8937  0.8805  0.8654 
 0.8492  0.8322  0.8152  0.7988  0.7834  0.7689  0.7551  0.7413  0.7271 
 4.6813  4.6787  4.6660  4.6451  4.6193  4.6245  4.6160  4.5973  4.5820 
 4.5705  4.5729  4.4955  4.4493  4.4344  4.4214  4.4105  4.4009  4.3924 
 4.3845  4.3776  4.3709  4.3657  4.3529  4.3413  4.3342  4.3268  4.3190 
 4.3093  4.2982  4.2870  4.2742  4.2588  4.2412  4.2215  4.1985  4.1718 
 4.1410  4.1050  4.0631  4.0150  3.9598  3.8968  3.8256  3.7459  3.6578 
 3.5617  3.4582  3.3483  3.2265  3.1602  3.0042  2.8634  2.7355  2.6064 
 2.4768  2.3474  2.2190  2.0925  1.9691  1.8501  1.7371  1.6316  1.5351 
 1.4489  1.3739  1.3103  1.2579  1.2157  1.1823  1.1565  1.1366  1.1214 
 1.1098  1.1007  1.0935  1.0874  1.0820  1.0768  1.0713  1.0653  1.0582 
 1.0497  1.0395  1.0273  1.0132  0.9974  0.9805  0.9631  0.9458  0.9293 
 0.9136  0.8988  0.8845  0.8702  0.8553  0.8393  0.8220  0.8034  0.7841 
 4.8331  4.8235  4.8071  4.7987  4.7868  4.7659  4.7450  4.7452  4.7435 
 4.7309  4.7211  4.7143  4.7199  4.6605  4.6006  4.5872  4.5751  4.5639 
 4.5539  4.5446  4.5353  4.5265  4.5177  4.5094  4.4964  4.4765  4.4649 
 4.4521  4.4378  4.4194  4.4005  4.3791  4.3537  4.3241  4.2906  4.2518 
 4.2071  4.1558  4.0969  4.0300  3.9547  3.8710  3.7786  3.6785  3.5712 
 3.4576  3.3388  3.2160  3.0757  3.0411  2.8794  2.7006  2.5695  2.4392 
 2.3104  2.1838  2.0611  1.9436  1.8327  1.7299  1.6368  1.5545  1.4836 
 1.4241  1.3754  1.3364  1.3057  1.2819  1.2635  1.2493  1.2381  1.2291 
 1.2214  1.2145  1.2077  1.2006  1.1927  1.1835  1.1726  1.1599  1.1454 
 1.1293  1.1122  1.0946  1.0773  1.0607  1.0450  1.0300  1.0155  1.0010 
 0.9860  0.9702  0.9536  0.9365  0.9195  0.9033  0.8887  0.8765  0.8672 
 4.9748  4.9603  4.9457  4.9314  4.9192  4.9078  4.9010  4.8858  4.8720 
 4.8694  4.8725  4.8645  4.8580  4.8533  4.8573  4.8218  4.7423  4.7283 
 4.7151  4.7022  4.6900  4.6779  4.6654  4.6524  4.6390  4.6250  4.5968 
 4.5767  4.5559  4.5325  4.5060  4.4735  4.4367  4.3955  4.3474  4.2926 
 4.2309  4.1607  4.0821  3.9953  3.8994  3.7962  3.6859  3.5697  3.4487 
 3.3236  3.1955  3.0655  2.9122  2.9061  2.7873  2.5391  2.4100  2.2839 
 2.1618  2.0454  1.9362  1.8356  1.7450  1.6654  1.5973  1.5404  1.4941 
 1.4571  1.4279  1.4052  1.3874  1.3733  1.3619  1.3522  1.3434  1.3348 
 1.3258  1.3159  1.3047  1.2918  1.2772  1.2612  1.2442  1.2268  1.2096 
 1.1930  1.1774  1.1625  1.1481  1.1339  1.1194  1.1045  1.0893  1.0743 
 1.0599  1.0470  1.0360  1.0275  1.0220  1.0196  1.0206  1.0253  1.0338 
 5.0691  5.0497  5.0397  5.0274  5.0118  5.0037  4.9878  4.9778  4.9739 
 4.9630  4.9584  4.9634  4.9566  4.9508  4.9458  4.9448  4.9317  4.8372 
 4.8214  4.8063  4.7909  4.7756  4.7605  4.7443  4.7269  4.7084  4.6894 
 4.6559  4.6248  4.5947  4.5608  4.5210  4.4739  4.4225  4.3631  4.2955 
 4.2206  4.1368  4.0445  3.9444  3.8366  3.7224  3.6028  3.4787  3.3514 
 3.2215  3.0900  2.9575  2.8018  2.7946  2.7537  2.4344  2.3098  2.1902 
 2.0771  1.9719  1.8760  1.7909  1.7170  1.6544  1.6028  1.5611  1.5279 
 1.5018  1.4812  1.4649  1.4515  1.4401  1.4298  1.4198  1.4094  1.3981 
 1.3855  1.3714  1.3558  1.3392  1.3220  1.3048  1.2882  1.2724  1.2575 
 1.2432  1.2292  1.2153  1.2013  1.1872  1.1735  1.1606  1.1492  1.1397 
 1.1327  1.1284  1.1271  1.1292  1.1348  1.1442  1.1576  1.1750  1.1963 
 5.2528  5.2393  5.2272  5.2168  5.2019  5.1943  5.1889  5.1783  5.1741 
 5.1657  5.1582  5.1544  5.1477  5.1401  5.1447  5.1392  5.1319  5.1243 
 5.1266  5.0413  4.9982  4.9745  4.9495  4.9228  4.8945  4.8637  4.8291 
 4.7908  4.7482  4.6852  4.6276  4.5651  4.4920  4.4118  4.3246  4.2277 
 4.1227  4.0118  3.8945  3.7722  3.6456  3.5164  3.3847  3.2519  3.1184 
 2.9851  2.8527  2.7220  2.5943  2.4704  2.7630  2.2420  2.1373  2.0438 
 1.9609  1.8894  1.8291  1.7794  1.7390  1.7066  1.6806  1.6595  1.6420 
 1.6267  1.6128  1.5992  1.5853  1.5707  1.5552  1.5388  1.5222  1.5055 
 1.4893  1.4740  1.4596  1.4459  1.4329  1.4203  1.4081  1.3964  1.3856 
 1.3760  1.3681  1.3622  1.3588  1.3579  1.3599  1.3650  1.3734  1.3854 
 1.4009  1.4198  1.4418  1.4662  1.4921  1.5185  1.5443  1.5682  1.5895 
 5.4861  5.4760  5.4648  5.4570  5.4497  5.4424  5.4366  5.4309  5.4246 
 5.4178  5.4115  5.4038  5.3958  5.3869  5.3769  5.3651  5.3503  5.3392 
 5.3306  5.3107  5.2876  5.2665  5.1584  5.0989  5.0446  4.9849  4.9192 
 4.8475  4.7689  4.6831  4.5874  4.4679  4.3579  4.2386  4.1168  3.9902 
 3.8596  3.7271  3.5938  3.4594  3.3243  3.1904  3.0578  2.9278  2.8012 
 2.6792  2.5632  2.4548  2.3551  2.2197  2.5686  2.2101  2.0613  2.0134 
 1.9737  1.9409  1.9133  1.8896  1.8685  1.8489  1.8303  1.8122  1.7947 
 1.7778  1.7618  1.7469  1.7332  1.7206  1.7090  1.6983  1.6885  1.6797 
 1.6722  1.6662  1.6619  1.6596  1.6594  1.6617  1.6665  1.6741  1.6846 
 1.6979  1.7138  1.7318  1.7511  1.7707  1.7898  1.8073  1.8227  1.8357 
 1.8463  1.8547  1.8612  1.8662  1.8699  1.8726  1.8746  1.8761  1.8772 
 5.6900  5.6808  5.6725  5.6647  5.6577  5.6510  5.6438  5.6360  5.6283 
 5.6195  5.6102  5.5989  5.5868  5.5714  5.5564  5.5342  5.5093  5.4819 
 5.4494  5.4099  5.3732  5.3324  5.2788  5.2131  5.0582  4.9556  4.8512 
 4.7403  4.6251  4.5069  4.3663  4.2300  4.0984  3.9615  3.8250  3.6873 
 3.5507  3.4160  3.2829  3.1527  3.0262  2.9046  2.7895  2.6820  2.5832 
 2.4939  2.4146  2.3455  2.2860  2.2058  2.3359  2.3039  2.1239  2.0962 
 2.0716  2.0497  2.0300  2.0124  1.9968  1.9830  1.9709  1.9603  1.9510 
 1.9430  1.9364  1.9312  1.9276  1.9256  1.9255  1.9274  1.9314  1.9378 
 1.9464  1.9570  1.9694  1.9828  1.9965  2.0096  2.0216  2.0320  2.0406 
 2.0476  2.0530  2.0572  2.0604  2.0628  2.0645  2.0659  2.0668  2.0676 
 2.0682  2.0687  2.0691  2.0696  2.0701  2.0707  2.0714  2.0725  2.0740 
 5.8624  5.8542  5.8454  5.8363  5.8269  5.8174  5.8077  5.7968  5.7844 
 5.7696  5.7528  5.7333  5.7109  5.6842  5.6580  5.6265  5.5789  5.5308 
 5.4753  5.4128  5.3410  5.2583  5.1811  5.1018  4.9515  4.7839  4.6493 
 4.5128  4.3758  4.2408  4.0964  3.9411  3.8041  3.6675  3.5292  3.3970 
 3.2682  3.1455  3.0296  2.9199  2.8180  2.7251  2.6412  2.5669  2.5017 
 2.4452  2.3966  2.3552  2.3199  2.2896  2.2655  2.3581  2.2250  2.2099 
 2.1973  2.1868  2.1782  2.1712  2.1658  2.1620  2.1597  2.1591  2.1602 
 2.1631  2.1678  2.1743  2.1820  2.1904  2.1990  2.2072  2.2145  2.2207 
 2.2258  2.2299  2.2331  2.2355  2.2373  2.2387  2.2398  2.2406  2.2413 
 2.2419  2.2424  2.2431  2.2438  2.2447  2.2459  2.2475  2.2498  2.2530 
 2.2574  2.2635  2.2719  2.2830  2.2973  2.3148  2.3351  2.3571  2.3795 
 5.9970  5.9865  5.9771  5.9672  5.9550  5.9405  5.9239  5.9051  5.8839 
 5.8600  5.8324  5.7999  5.7620  5.7181  5.6641  5.6313  5.5587  5.4700 
 5.3871  5.2959  5.1953  5.0879  4.9728  4.8733  4.6812  4.5327  4.3851 
 4.2394  4.0965  3.9604  3.8015  3.6654  3.5358  3.4056  3.2853  3.1680 
 3.0605  2.9600  2.8682  2.7853  2.7119  2.6478  2.5926  2.5459  2.5070 
 2.4749  2.4486  2.4272  2.4099  2.3960  2.3805  2.4141  2.3769  2.3638 
 2.3602  2.3582  2.3577  2.3586  2.3607  2.3637  2.3671  2.3705  2.3738 
 2.3767  2.3791  2.3810  2.3825  2.3837  2.3847  2.3854  2.3860  2.3866 
 2.3871  2.3877  2.3884  2.3893  2.3905  2.3921  2.3943  2.3973  2.4015 
 2.4072  2.4149  2.4249  2.4373  2.4520  2.4685  2.4856  2.5025  2.5181 
 2.5317  2.5431  2.5521  2.5591  2.5641  2.5677  2.5698  2.5709  2.5709 
 6.0999  6.0845  6.0679  6.0499  6.0310  6.0113  5.9869  5.9574  5.9228 
 5.8832  5.8384  5.7875  5.7293  5.6626  5.5873  5.4999  5.4977  5.3227 
 5.2043  5.0894  4.9722  4.8456  4.7344  4.6197  4.4312  4.2642  4.1172 
 3.9744  3.8390  3.7106  3.5666  3.4360  3.3205  3.2080  3.1036  3.0089 
 2.9241  2.8503  2.7867  2.7326  2.6878  2.6512  2.6217  2.5980  2.5791 
 2.5641  2.5521  2.5428  2.5356  2.5303  2.5250  2.5341  2.5303  2.5234 
 2.5237  2.5242  2.5249  2.5255  2.5260  2.5265  2.5269  2.5273  2.5276 
 2.5280  2.5284  2.5289  2.5295  2.5304  2.5315  2.5332  2.5354  2.5384 
 2.5426  2.5481  2.5552  2.5638  2.5736  2.5842  2.5949  2.6050  2.6140 
 2.6216  2.6276  2.6321  2.6353  2.6373  2.6381  2.6378  2.6365  2.6342 
 2.6308  2.6264  2.6210  2.6147  2.6080  2.6010  2.5941  2.5876  2.5816 
 6.1647  6.1422  6.1173  6.0895  6.0584  6.0238  5.9862  5.9440  5.8938 
 5.8350  5.7684  5.6947  5.6136  5.5240  5.4254  5.2937  5.3335  5.1843 
 4.9687  4.8433  4.7166  4.5869  4.4667  4.3569  4.1999  4.0151  3.8744 
 3.7392  3.6127  3.4871  3.3565  3.2503  3.1529  3.0630  2.9872  2.9208 
 2.8665  2.8215  2.7850  2.7556  2.7321  2.7133  2.6984  2.6868  2.6777 
 2.6709  2.6659  2.6622  2.6596  2.6577  2.6561  2.6566  2.6591  2.6544 
 2.6541  2.6539  2.6539  2.6539  2.6540  2.6542  2.6546  2.6552  2.6561 
 2.6574  2.6593  2.6619  2.6653  2.6694  2.6740  2.6788  2.6835  2.6878 
 2.6913  2.6940  2.6958  2.6968  2.6968  2.6959  2.6940  2.6910  2.6871 
 2.6821  2.6761  2.6694  2.6622  2.6549  2.6477  2.6408  2.6344  2.6284 
 2.6226  2.6168  2.6103  2.6028  2.5937  2.5819  2.5667  2.5471  2.5219 
 6.1880  6.1554  6.1193  6.0787  6.0332  5.9820  5.9248  5.8636  5.7954 
 5.7174  5.6298  5.5348  5.4338  5.3269  5.2134  5.0890  4.9823  5.1487 
 4.7278  4.5939  4.4644  4.3391  4.2082  4.1063  3.9245  3.7843  3.6518 
 3.5282  3.4137  3.3133  3.2045  3.1227  3.0536  2.9926  2.9440  2.9040 
 2.8720  2.8467  2.8266  2.8108  2.7986  2.7892  2.7821  2.7768  2.7728 
 2.7698  2.7676  2.7659  2.7646  2.7635  2.7626  2.7615  2.7626  2.7600 
 2.7587  2.7576  2.7563  2.7551  2.7539  2.7530  2.7522  2.7517  2.7513 
 2.7509  2.7503  2.7496  2.7484  2.7467  2.7444  2.7412  2.7372  2.7321 
 2.7262  2.7193  2.7118  2.7040  2.6961  2.6884  2.6810  2.6739  2.6670 
 2.6597  2.6517  2.6423  2.6309  2.6164  2.5979  2.5744  2.5451  2.5093 
 2.4669  2.4184  2.3651  2.3091  2.2527  2.1987  2.1491  2.1056  2.0692 
