    700
    750
    800
    850
    900
    950
   1000
   1034
   1080
   1127
   1176
   1228
   1281
   1337
   1396
   1457
   1521
   1587
   1657
   1729
   1805
   1884
   1966
   2052
   2142
   2236
   2333
   2435
   2542
   2653
   2769
   2890
   3017
   3149
   3286
   3430
   3580
   3736
   3900
   4070
   4248
   4434
   4628
   4830
   5042
   5262
   5492
   5732
   5983
   6245
   6518
   6803
   7100
   7411
   7735
   8073
   8426
   8795
   9179
   9581
  10000
  10300
  11007
  12115
  13335
  14678
  16156
  17783
  19573
  21544
