    650.0
    700.0
    750.0
    800.0
    850.0
    900.0
    950.0
   1000.0
   1034.0
   1080.0
   1127.0
   1176.0
   1228.0
   1281.0
   1337.0
   1400.0
   1457.0
   1521.0
   1587.0
   1657.0
   1729.0
   1800.0
   1884.0
   1966.0
   2052.0
   2142.0
   2236.0
   2333.0
   2435.0
   2542.0
   2653.0
   2769.0
   2890.0
   3017.0
   3149.0
   3286.0
   3430.0
   3580.0
   3736.0
   3900.0
   4070.0
   4248.0
   4434.0
   4628.0
   4830.0
   5042.0
   5262.0
   5492.0
   5732.0
   5983.0
   6245.0
   6518.0
   6800.0
   7100.0
   7411.0
   7735.0
   8073.0
   8426.0
   8795.0
   9179.0
   9581.0
  10000.0
  11007.0
  12115.0
  13335.0
  14678.0
  16156.0
  17783.0
  19573.0
  21544.0
  23714.0
  26102.0
  28730.0
  31623.0
  34807.0
  38312.0
  42170.0
  46416.0
  51090.0
  56234.0
  61897.0
  68129.0
  74989.0
  82540.0
  90852.0
 100000.0
 146780.0
 215443.0
 316228.0
 464159.0
 681292.0
1000000.0
