 0.5500  0.5492  0.5488  0.5491  0.5494  0.5489  0.5491  0.5493  0.5492 
 0.5492  0.5493  0.5499  0.5499  0.5500  0.5500  0.5500  0.5500  0.5500 
 0.5500  0.5500  0.5500  0.5500  0.5499  0.5499  0.5499  0.5498  0.5498 
 0.5497  0.5497  0.5497  0.5496  0.5496  0.5495  0.5495  0.5494  0.5494 
 0.5494  0.5493  0.5493  0.5493  0.5492  0.5492  0.5492  0.5492  0.5492 
 0.5491  0.5491  0.5491  0.5491  0.5491  0.5491  0.5491  0.5491  0.5491 
 0.5491  0.5491  0.5491  0.5491  0.5491  0.5491  0.5491  0.5491  0.5491 
 0.5491  0.5491  0.5491  0.5490  0.5490  0.5490  0.5490  0.5490  0.5490 
 0.5490  0.5489  0.5489  0.5488  0.5488  0.5486  0.5485  0.5483  0.5481 
 0.5478  0.5475  0.5471  0.5467  0.5463  0.5458  0.5453  0.5448  0.5444 
 0.5439  0.5434  0.5430  0.5426  0.5423  0.5420  0.5417  0.5415  0.5413 
 0.5566  0.5556  0.5548  0.5551  0.5552  0.5544  0.5553  0.5560  0.5558 
 0.5556  0.5560  0.5566  0.5567  0.5567  0.5568  0.5568  0.5568  0.5568 
 0.5568  0.5568  0.5568  0.5568  0.5567  0.5567  0.5567  0.5566  0.5566 
 0.5566  0.5565  0.5565  0.5565  0.5564  0.5564  0.5564  0.5563  0.5563 
 0.5563  0.5562  0.5562  0.5562  0.5562  0.5562  0.5561  0.5561  0.5561 
 0.5561  0.5561  0.5561  0.5561  0.5561  0.5561  0.5561  0.5561  0.5561 
 0.5561  0.5561  0.5560  0.5560  0.5560  0.5560  0.5560  0.5560  0.5560 
 0.5560  0.5560  0.5560  0.5559  0.5559  0.5558  0.5557  0.5556  0.5555 
 0.5553  0.5551  0.5548  0.5545  0.5541  0.5537  0.5533  0.5528  0.5524 
 0.5519  0.5515  0.5511  0.5507  0.5503  0.5499  0.5496  0.5493  0.5491 
 0.5488  0.5486  0.5484  0.5483  0.5482  0.5480  0.5479  0.5476  0.5476 
 0.5566  0.5557  0.5544  0.5544  0.5549  0.5533  0.5537  0.5546  0.5551 
 0.5554  0.5559  0.5564  0.5565  0.5566  0.5566  0.5567  0.5567  0.5567 
 0.5567  0.5567  0.5566  0.5566  0.5566  0.5566  0.5565  0.5565  0.5565 
 0.5565  0.5564  0.5564  0.5564  0.5563  0.5563  0.5563  0.5563  0.5562 
 0.5562  0.5562  0.5562  0.5562  0.5562  0.5562  0.5561  0.5561  0.5561 
 0.5561  0.5561  0.5561  0.5561  0.5561  0.5561  0.5561  0.5561  0.5561 
 0.5561  0.5561  0.5561  0.5560  0.5560  0.5560  0.5560  0.5559  0.5558 
 0.5558  0.5556  0.5555  0.5553  0.5551  0.5548  0.5545  0.5541  0.5538 
 0.5533  0.5529  0.5525  0.5521  0.5517  0.5513  0.5509  0.5505  0.5502 
 0.5499  0.5497  0.5494  0.5492  0.5491  0.5489  0.5488  0.5486  0.5485 
 0.5484  0.5484  0.5483  0.5482  0.5482  0.5481  0.5481  0.5483  0.5482 
 0.5523  0.5519  0.5506  0.5504  0.5515  0.5505  0.5504  0.5515  0.5521 
 0.5520  0.5522  0.5526  0.5527  0.5528  0.5528  0.5529  0.5529  0.5529 
 0.5529  0.5529  0.5529  0.5529  0.5529  0.5528  0.5528  0.5528  0.5528 
 0.5528  0.5527  0.5527  0.5527  0.5527  0.5527  0.5526  0.5526  0.5526 
 0.5526  0.5526  0.5526  0.5526  0.5526  0.5526  0.5526  0.5526  0.5525 
 0.5525  0.5525  0.5525  0.5525  0.5525  0.5525  0.5525  0.5525  0.5525 
 0.5524  0.5524  0.5523  0.5523  0.5522  0.5520  0.5519  0.5517  0.5514 
 0.5511  0.5508  0.5505  0.5501  0.5497  0.5493  0.5489  0.5485  0.5481 
 0.5477  0.5474  0.5471  0.5468  0.5466  0.5463  0.5461  0.5459  0.5458 
 0.5456  0.5455  0.5454  0.5453  0.5453  0.5452  0.5451  0.5451  0.5450 
 0.5450  0.5450  0.5449  0.5449  0.5449  0.5448  0.5448  0.5448  0.5447 
 0.5449  0.5449  0.5433  0.5428  0.5432  0.5426  0.5425  0.5438  0.5446 
 0.5445  0.5445  0.5448  0.5449  0.5450  0.5450  0.5450  0.5451  0.5451 
 0.5451  0.5451  0.5450  0.5450  0.5450  0.5450  0.5450  0.5450  0.5450 
 0.5450  0.5449  0.5449  0.5449  0.5449  0.5449  0.5449  0.5449  0.5449 
 0.5449  0.5449  0.5449  0.5448  0.5448  0.5448  0.5448  0.5448  0.5448 
 0.5448  0.5448  0.5448  0.5448  0.5447  0.5447  0.5446  0.5446  0.5445 
 0.5444  0.5442  0.5440  0.5438  0.5435  0.5432  0.5429  0.5425  0.5421 
 0.5418  0.5414  0.5410  0.5406  0.5403  0.5400  0.5397  0.5394  0.5392 
 0.5389  0.5387  0.5386  0.5384  0.5383  0.5382  0.5381  0.5380  0.5379 
 0.5378  0.5378  0.5377  0.5377  0.5376  0.5376  0.5376  0.5375  0.5375 
 0.5375  0.5374  0.5374  0.5374  0.5373  0.5373  0.5373  0.5372  0.5372 
 0.5354  0.5354  0.5342  0.5334  0.5332  0.5325  0.5333  0.5346  0.5354 
 0.5355  0.5356  0.5358  0.5359  0.5360  0.5360  0.5360  0.5361  0.5361 
 0.5361  0.5361  0.5361  0.5361  0.5361  0.5361  0.5360  0.5360  0.5360 
 0.5360  0.5360  0.5360  0.5360  0.5360  0.5360  0.5360  0.5360  0.5360 
 0.5360  0.5360  0.5360  0.5359  0.5359  0.5359  0.5359  0.5359  0.5359 
 0.5358  0.5358  0.5357  0.5357  0.5356  0.5355  0.5353  0.5351  0.5349 
 0.5346  0.5343  0.5340  0.5336  0.5333  0.5329  0.5325  0.5322  0.5318 
 0.5315  0.5312  0.5309  0.5307  0.5305  0.5303  0.5301  0.5299  0.5298 
 0.5297  0.5296  0.5295  0.5294  0.5293  0.5293  0.5292  0.5292  0.5291 
 0.5291  0.5290  0.5290  0.5289  0.5289  0.5289  0.5288  0.5288  0.5287 
 0.5287  0.5286  0.5286  0.5285  0.5285  0.5285  0.5284  0.5288  0.5287 
 0.5234  0.5230  0.5224  0.5218  0.5211  0.5205  0.5217  0.5227  0.5234 
 0.5237  0.5238  0.5239  0.5240  0.5240  0.5240  0.5241  0.5241  0.5241 
 0.5241  0.5241  0.5241  0.5241  0.5241  0.5241  0.5241  0.5241  0.5241 
 0.5241  0.5241  0.5241  0.5241  0.5240  0.5240  0.5240  0.5240  0.5240 
 0.5240  0.5240  0.5240  0.5240  0.5240  0.5239  0.5239  0.5238  0.5238 
 0.5237  0.5236  0.5234  0.5232  0.5230  0.5228  0.5225  0.5222  0.5218 
 0.5215  0.5211  0.5208  0.5204  0.5201  0.5198  0.5195  0.5192  0.5190 
 0.5188  0.5186  0.5184  0.5183  0.5182  0.5180  0.5179  0.5178  0.5178 
 0.5177  0.5176  0.5176  0.5175  0.5174  0.5174  0.5173  0.5173  0.5172 
 0.5172  0.5172  0.5171  0.5171  0.5170  0.5170  0.5170  0.5169  0.5169 
 0.5169  0.5169  0.5169  0.5168  0.5168  0.5168  0.5168  0.5168  0.5168 
 0.5097  0.5086  0.5085  0.5090  0.5093  0.5094  0.5100  0.5107  0.5112 
 0.5114  0.5114  0.5115  0.5116  0.5116  0.5116  0.5116  0.5117  0.5117 
 0.5117  0.5117  0.5117  0.5117  0.5117  0.5117  0.5117  0.5117  0.5116 
 0.5116  0.5116  0.5116  0.5116  0.5116  0.5116  0.5116  0.5116  0.5116 
 0.5116  0.5115  0.5115  0.5115  0.5114  0.5113  0.5112  0.5111  0.5109 
 0.5108  0.5105  0.5103  0.5100  0.5097  0.5093  0.5090  0.5087  0.5083 
 0.5080  0.5077  0.5074  0.5072  0.5069  0.5067  0.5065  0.5063  0.5062 
 0.5060  0.5059  0.5058  0.5057  0.5056  0.5055  0.5055  0.5054  0.5053 
 0.5053  0.5052  0.5052  0.5051  0.5051  0.5050  0.5050  0.5050  0.5049 
 0.5049  0.5049  0.5049  0.5049  0.5048  0.5048  0.5048  0.5048  0.5048 
 0.5048  0.5048  0.5047  0.5047  0.5047  0.5047  0.5047  0.5046  0.5046 
 0.4999  0.4979  0.4978  0.4989  0.4998  0.5002  0.5008  0.5015  0.5020 
 0.5022  0.5022  0.5022  0.5023  0.5023  0.5024  0.5024  0.5024  0.5024 
 0.5024  0.5024  0.5024  0.5024  0.5024  0.5024  0.5024  0.5024  0.5024 
 0.5024  0.5024  0.5024  0.5024  0.5024  0.5024  0.5023  0.5023  0.5023 
 0.5023  0.5022  0.5021  0.5021  0.5020  0.5018  0.5017  0.5015  0.5013 
 0.5010  0.5007  0.5004  0.5001  0.4997  0.4994  0.4991  0.4988  0.4985 
 0.4982  0.4980  0.4977  0.4975  0.4973  0.4972  0.4970  0.4969  0.4968 
 0.4967  0.4966  0.4965  0.4964  0.4963  0.4963  0.4962  0.4962  0.4961 
 0.4961  0.4960  0.4960  0.4959  0.4959  0.4959  0.4959  0.4958  0.4958 
 0.4958  0.4958  0.4958  0.4958  0.4957  0.4957  0.4957  0.4957  0.4957 
 0.4956  0.4956  0.4956  0.4955  0.4955  0.4954  0.4953  0.4952  0.4950 
 0.4865  0.4837  0.4834  0.4853  0.4866  0.4873  0.4880  0.4886  0.4890 
 0.4893  0.4893  0.4894  0.4895  0.4895  0.4896  0.4896  0.4896  0.4896 
 0.4896  0.4896  0.4896  0.4896  0.4896  0.4896  0.4896  0.4896  0.4896 
 0.4896  0.4896  0.4896  0.4896  0.4896  0.4895  0.4895  0.4895  0.4894 
 0.4893  0.4892  0.4891  0.4890  0.4888  0.4886  0.4883  0.4880  0.4877 
 0.4874  0.4871  0.4868  0.4865  0.4862  0.4859  0.4856  0.4854  0.4851 
 0.4849  0.4848  0.4846  0.4844  0.4843  0.4842  0.4841  0.4840  0.4839 
 0.4838  0.4837  0.4837  0.4836  0.4836  0.4835  0.4835  0.4834  0.4834 
 0.4834  0.4834  0.4833  0.4833  0.4833  0.4833  0.4832  0.4832  0.4832 
 0.4832  0.4831  0.4831  0.4831  0.4830  0.4830  0.4829  0.4828  0.4827 
 0.4826  0.4825  0.4823  0.4821  0.4818  0.4814  0.4808  0.4801  0.4790 
 0.4730  0.4695  0.4685  0.4707  0.4722  0.4731  0.4737  0.4743  0.4746 
 0.4748  0.4749  0.4750  0.4750  0.4750  0.4750  0.4751  0.4751  0.4751 
 0.4751  0.4751  0.4751  0.4751  0.4751  0.4751  0.4751  0.4750  0.4750 
 0.4750  0.4750  0.4750  0.4749  0.4749  0.4749  0.4748  0.4747  0.4746 
 0.4745  0.4743  0.4741  0.4739  0.4736  0.4733  0.4730  0.4727  0.4724 
 0.4721  0.4718  0.4715  0.4712  0.4710  0.4708  0.4705  0.4704  0.4702 
 0.4700  0.4699  0.4698  0.4697  0.4696  0.4695  0.4694  0.4693  0.4693 
 0.4692  0.4692  0.4691  0.4691  0.4690  0.4690  0.4690  0.4689  0.4689 
 0.4688  0.4688  0.4688  0.4687  0.4687  0.4686  0.4686  0.4685  0.4685 
 0.4684  0.4683  0.4682  0.4680  0.4679  0.4676  0.4673  0.4669  0.4664 
 0.4656  0.4646  0.4637  0.4616  0.4581  0.4541  0.4464  0.4349  0.4175 
 0.4588  0.4550  0.4533  0.4559  0.4577  0.4587  0.4594  0.4601  0.4602 
 0.4603  0.4607  0.4609  0.4610  0.4611  0.4611  0.4611  0.4611  0.4611 
 0.4611  0.4611  0.4611  0.4611  0.4611  0.4611  0.4611  0.4611  0.4611 
 0.4610  0.4610  0.4610  0.4609  0.4608  0.4607  0.4606  0.4604  0.4602 
 0.4600  0.4598  0.4595  0.4592  0.4589  0.4586  0.4583  0.4580  0.4577 
 0.4575  0.4572  0.4570  0.4568  0.4566  0.4564  0.4562  0.4561  0.4559 
 0.4558  0.4557  0.4556  0.4556  0.4555  0.4554  0.4554  0.4553  0.4553 
 0.4552  0.4551  0.4551  0.4550  0.4549  0.4549  0.4548  0.4548  0.4547 
 0.4546  0.4545  0.4545  0.4544  0.4542  0.4541  0.4539  0.4537  0.4534 
 0.4530  0.4525  0.4518  0.4510  0.4501  0.4483  0.4454  0.4422  0.4361 
 0.4272  0.4138  0.3933  0.3636  0.3136  0.2394  0.1444  0.0357 -0.0850 
 0.4436  0.4394  0.4374  0.4397  0.4415  0.4424  0.4432  0.4440  0.4439 
 0.4440  0.4443  0.4446  0.4447  0.4447  0.4447  0.4447  0.4447  0.4447 
 0.4447  0.4447  0.4447  0.4447  0.4447  0.4446  0.4446  0.4446  0.4445 
 0.4445  0.4444  0.4443  0.4442  0.4441  0.4439  0.4437  0.4435  0.4432 
 0.4429  0.4426  0.4423  0.4420  0.4417  0.4414  0.4411  0.4409  0.4406 
 0.4404  0.4402  0.4400  0.4398  0.4397  0.4396  0.4394  0.4393  0.4392 
 0.4391  0.4390  0.4389  0.4388  0.4387  0.4386  0.4386  0.4385  0.4384 
 0.4383  0.4382  0.4381  0.4380  0.4379  0.4378  0.4376  0.4375  0.4373 
 0.4371  0.4368  0.4365  0.4360  0.4354  0.4346  0.4338  0.4324  0.4300 
 0.4275  0.4228  0.4162  0.4065  0.3919  0.3732  0.3368  0.2815  0.2071 
 0.1127 -0.0016 -0.1216 -0.2279 -0.3131 -0.3767 -0.4129 -0.4376 -0.4509 
 0.4282  0.4245  0.4227  0.4249  0.4268  0.4273  0.4278  0.4286  0.4287 
 0.4288  0.4290  0.4291  0.4292  0.4293  0.4293  0.4293  0.4293  0.4293 
 0.4293  0.4293  0.4293  0.4293  0.4293  0.4292  0.4292  0.4291  0.4290 
 0.4289  0.4288  0.4286  0.4284  0.4282  0.4279  0.4277  0.4274  0.4271 
 0.4268  0.4264  0.4261  0.4258  0.4256  0.4253  0.4251  0.4248  0.4246 
 0.4244  0.4243  0.4241  0.4240  0.4238  0.4237  0.4235  0.4234  0.4232 
 0.4231  0.4229  0.4228  0.4226  0.4225  0.4223  0.4222  0.4221  0.4219 
 0.4218  0.4216  0.4214  0.4211  0.4208  0.4204  0.4199  0.4193  0.4186 
 0.4175  0.4158  0.4139  0.4108  0.4064  0.4002  0.3910  0.3814  0.3587 
 0.3248  0.2774  0.2084  0.1177  0.0066 -0.1131 -0.2259 -0.3162 -0.3812 
-0.4275 -0.4553 -0.4704 -0.4788 -0.4830 -0.4861 -0.4874 -0.4882 -0.4887 
 0.4118  0.4077  0.4054  0.4072  0.4095  0.4101  0.4106  0.4113  0.4114 
 0.4115  0.4115  0.4116  0.4116  0.4117  0.4117  0.4117  0.4117  0.4116 
 0.4116  0.4116  0.4115  0.4115  0.4114  0.4113  0.4112  0.4111  0.4109 
 0.4107  0.4105  0.4103  0.4100  0.4097  0.4094  0.4091  0.4087  0.4084 
 0.4081  0.4078  0.4075  0.4072  0.4070  0.4067  0.4065  0.4062  0.4060 
 0.4058  0.4056  0.4053  0.4051  0.4049  0.4046  0.4044  0.4042  0.4040 
 0.4038  0.4036  0.4034  0.4032  0.4029  0.4027  0.4024  0.4021  0.4016 
 0.4011  0.4006  0.3997  0.3985  0.3971  0.3949  0.3920  0.3881  0.3823 
 0.3769  0.3634  0.3446  0.3173  0.2741  0.2147  0.1327  0.0262 -0.0940 
-0.2010 -0.3019 -0.3810 -0.4358 -0.4700 -0.4900 -0.5001 -0.5075 -0.5111 
-0.5131 -0.5142 -0.5148 -0.5151 -0.5153 -0.5154 -0.5155 -0.5155 -0.5156 
 0.3939  0.3905  0.3882  0.3892  0.3915  0.3927  0.3935  0.3942  0.3944 
 0.3945  0.3946  0.3947  0.3947  0.3947  0.3948  0.3947  0.3947  0.3947 
 0.3946  0.3946  0.3945  0.3943  0.3942  0.3940  0.3938  0.3936  0.3933 
 0.3930  0.3927  0.3924  0.3920  0.3917  0.3913  0.3909  0.3905  0.3902 
 0.3898  0.3895  0.3891  0.3888  0.3884  0.3881  0.3877  0.3874  0.3870 
 0.3866  0.3863  0.3860  0.3856  0.3853  0.3850  0.3847  0.3844  0.3841 
 0.3838  0.3833  0.3829  0.3823  0.3816  0.3806  0.3794  0.3778  0.3756 
 0.3726  0.3685  0.3647  0.3557  0.3440  0.3268  0.2991  0.2607  0.2056 
 0.1258  0.0235 -0.0799 -0.1979 -0.3020 -0.3862 -0.4477 -0.4874 -0.5087 
-0.5242 -0.5325 -0.5370 -0.5397 -0.5410 -0.5417 -0.5421 -0.5424 -0.5426 
-0.5427 -0.5428 -0.5429 -0.5430 -0.5430 -0.5431 -0.5432 -0.5433 -0.5435 
 0.3792  0.3763  0.3740  0.3743  0.3765  0.3779  0.3788  0.3796  0.3797 
 0.3797  0.3798  0.3799  0.3799  0.3799  0.3799  0.3798  0.3797  0.3796 
 0.3795  0.3794  0.3792  0.3790  0.3787  0.3785  0.3781  0.3778  0.3774 
 0.3770  0.3766  0.3761  0.3757  0.3752  0.3747  0.3742  0.3738  0.3733 
 0.3727  0.3722  0.3717  0.3712  0.3707  0.3701  0.3696  0.3692  0.3687 
 0.3683  0.3679  0.3675  0.3670  0.3666  0.3661  0.3656  0.3648  0.3640 
 0.3630  0.3616  0.3599  0.3577  0.3553  0.3507  0.3453  0.3371  0.3247 
 0.3079  0.2836  0.2472  0.1952  0.1251  0.0289 -0.0766 -0.1892 -0.2987 
-0.3902 -0.4535 -0.5010 -0.5299 -0.5467 -0.5571 -0.5624 -0.5653 -0.5669 
-0.5679 -0.5686 -0.5690 -0.5692 -0.5694 -0.5696 -0.5697 -0.5699 -0.5701 
-0.5703 -0.5705 -0.5707 -0.5710 -0.5712 -0.5715 -0.5717 -0.5719 -0.5720 
 0.3658  0.3633  0.3609  0.3607  0.3628  0.3644  0.3655  0.3662  0.3665 
 0.3665  0.3665  0.3666  0.3666  0.3665  0.3664  0.3663  0.3661  0.3659 
 0.3657  0.3654  0.3650  0.3647  0.3642  0.3638  0.3632  0.3627  0.3621 
 0.3615  0.3608  0.3602  0.3595  0.3588  0.3580  0.3573  0.3565  0.3557 
 0.3549  0.3542  0.3535  0.3528  0.3522  0.3516  0.3510  0.3505  0.3499 
 0.3492  0.3485  0.3477  0.3466  0.3454  0.3439  0.3421  0.3394  0.3362 
 0.3315  0.3250  0.3164  0.3045  0.2894  0.2650  0.2258  0.1750  0.1054 
 0.0163 -0.0897 -0.2043 -0.3150 -0.4064 -0.4743 -0.5219 -0.5539 -0.5718 
-0.5821 -0.5876 -0.5913 -0.5936 -0.5948 -0.5957 -0.5962 -0.5966 -0.5970 
-0.5973 -0.5976 -0.5980 -0.5984 -0.5988 -0.5992 -0.5996 -0.6000 -0.6004 
-0.6007 -0.6010 -0.6012 -0.6014 -0.6015 -0.6016 -0.6017 -0.6018 -0.6019 
 0.3559  0.3542  0.3522  0.3517  0.3536  0.3548  0.3555  0.3559  0.3560 
 0.3559  0.3558  0.3557  0.3556  0.3554  0.3551  0.3548  0.3545  0.3540 
 0.3536  0.3530  0.3524  0.3517  0.3509  0.3501  0.3493  0.3484  0.3474 
 0.3464  0.3453  0.3442  0.3431  0.3420  0.3410  0.3399  0.3390  0.3380 
 0.3372  0.3363  0.3355  0.3347  0.3339  0.3330  0.3319  0.3307  0.3294 
 0.3276  0.3254  0.3226  0.3189  0.3142  0.3080  0.3012  0.2895  0.2710 
 0.2496  0.2151  0.1680  0.1047  0.0222 -0.0885 -0.1953 -0.3018 -0.4004 
-0.4776 -0.5333 -0.5694 -0.5906 -0.6043 -0.6135 -0.6180 -0.6212 -0.6230 
-0.6242 -0.6251 -0.6258 -0.6265 -0.6272 -0.6279 -0.6286 -0.6293 -0.6300 
-0.6307 -0.6313 -0.6319 -0.6324 -0.6328 -0.6331 -0.6334 -0.6336 -0.6338 
-0.6339 -0.6340 -0.6341 -0.6342 -0.6343 -0.6344 -0.6346 -0.6347 -0.6350 
 0.3511  0.3496  0.3475  0.3467  0.3483  0.3494  0.3500  0.3503  0.3503 
 0.3500  0.3497  0.3494  0.3490  0.3485  0.3479  0.3473  0.3465  0.3457 
 0.3447  0.3437  0.3425  0.3413  0.3400  0.3386  0.3371  0.3356  0.3341 
 0.3326  0.3311  0.3297  0.3283  0.3270  0.3259  0.3247  0.3236  0.3224 
 0.3212  0.3200  0.3185  0.3168  0.3148  0.3123  0.3092  0.3055  0.3014 
 0.2949  0.2862  0.2755  0.2594  0.2378  0.2084  0.1671  0.1087  0.0358 
-0.0583 -0.1643 -0.2707 -0.3754 -0.4632 -0.5267 -0.5723 -0.6048 -0.6222 
-0.6343 -0.6412 -0.6455 -0.6483 -0.6503 -0.6520 -0.6534 -0.6547 -0.6560 
-0.6573 -0.6585 -0.6598 -0.6609 -0.6619 -0.6628 -0.6636 -0.6642 -0.6647 
-0.6651 -0.6654 -0.6657 -0.6659 -0.6661 -0.6663 -0.6664 -0.6666 -0.6668 
-0.6670 -0.6673 -0.6677 -0.6681 -0.6687 -0.6694 -0.6702 -0.6713 -0.6724 
 0.3534  0.3520  0.3500  0.3490  0.3502  0.3512  0.3516  0.3516  0.3513 
 0.3507  0.3500  0.3492  0.3483  0.3473  0.3462  0.3449  0.3434  0.3419 
 0.3401  0.3383  0.3364  0.3344  0.3324  0.3304  0.3284  0.3265  0.3246 
 0.3229  0.3212  0.3197  0.3181  0.3165  0.3149  0.3131  0.3110  0.3087 
 0.3060  0.3030  0.2990  0.2940  0.2879  0.2797  0.2694  0.2559  0.2384 
 0.2156  0.1796  0.1327  0.0710 -0.0078 -0.1033 -0.2107 -0.3204 -0.4190 
-0.4985 -0.5577 -0.6010 -0.6287 -0.6457 -0.6564 -0.6633 -0.6688 -0.6723 
-0.6754 -0.6780 -0.6803 -0.6826 -0.6848 -0.6869 -0.6888 -0.6906 -0.6921 
-0.6933 -0.6944 -0.6952 -0.6959 -0.6964 -0.6969 -0.6972 -0.6975 -0.6978 
-0.6980 -0.6983 -0.6986 -0.6990 -0.6994 -0.6999 -0.7006 -0.7013 -0.7022 
-0.7033 -0.7044 -0.7057 -0.7069 -0.7081 -0.7092 -0.7101 -0.7110 -0.7116 
 0.3635  0.3609  0.3597  0.3591  0.3598  0.3605  0.3605  0.3600  0.3590 
 0.3580  0.3567  0.3553  0.3536  0.3518  0.3498  0.3476  0.3452  0.3428 
 0.3402  0.3376  0.3351  0.3326  0.3301  0.3279  0.3256  0.3235  0.3214 
 0.3193  0.3171  0.3147  0.3122  0.3093  0.3058  0.3018  0.2969  0.2911 
 0.2840  0.2757  0.2648  0.2488  0.2305  0.2040  0.1687  0.1227  0.0622 
-0.0210 -0.1132 -0.2113 -0.3204 -0.4161 -0.4983 -0.5614 -0.6054 -0.6342 
-0.6564 -0.6694 -0.6790 -0.6860 -0.6914 -0.6960 -0.7002 -0.7041 -0.7077 
-0.7111 -0.7142 -0.7168 -0.7191 -0.7210 -0.7226 -0.7238 -0.7248 -0.7256 
-0.7263 -0.7268 -0.7273 -0.7277 -0.7282 -0.7286 -0.7291 -0.7297 -0.7303 
-0.7311 -0.7320 -0.7330 -0.7341 -0.7353 -0.7365 -0.7377 -0.7389 -0.7398 
-0.7407 -0.7414 -0.7420 -0.7425 -0.7428 -0.7431 -0.7434 -0.7436 -0.7438 
 0.3862  0.3822  0.3816  0.3812  0.3811  0.3806  0.3796  0.3781  0.3761 
 0.3738  0.3714  0.3687  0.3659  0.3628  0.3597  0.3564  0.3531  0.3499 
 0.3468  0.3438  0.3409  0.3380  0.3352  0.3324  0.3293  0.3260  0.3224 
 0.3183  0.3137  0.3083  0.3022  0.2947  0.2849  0.2740  0.2594  0.2412 
 0.2182  0.1885  0.1507  0.0996  0.0334 -0.0476 -0.1387 -0.2399 -0.3423 
-0.4342 -0.5101 -0.5707 -0.6122 -0.6429 -0.6644 -0.6795 -0.6909 -0.7000 
-0.7082 -0.7155 -0.7221 -0.7281 -0.7335 -0.7382 -0.7422 -0.7456 -0.7484 
-0.7506 -0.7525 -0.7539 -0.7551 -0.7560 -0.7569 -0.7577 -0.7585 -0.7592 
-0.7600 -0.7608 -0.7617 -0.7627 -0.7639 -0.7650 -0.7663 -0.7675 -0.7687 
-0.7698 -0.7708 -0.7716 -0.7723 -0.7729 -0.7734 -0.7738 -0.7741 -0.7745 
-0.7747 -0.7750 -0.7753 -0.7756 -0.7759 -0.7762 -0.7765 -0.7769 -0.7772 
 0.4185  0.4132  0.4118  0.4111  0.4100  0.4085  0.4063  0.4035  0.4004 
 0.3969  0.3932  0.3895  0.3856  0.3818  0.3779  0.3742  0.3705  0.3669 
 0.3632  0.3595  0.3556  0.3514  0.3469  0.3420  0.3363  0.3294  0.3219 
 0.3126  0.3017  0.2887  0.2730  0.2552  0.2300  0.1994  0.1606  0.1104 
 0.0485 -0.0277 -0.1192 -0.2190 -0.3118 -0.4032 -0.4812 -0.5434 -0.5906 
-0.6252 -0.6494 -0.6701 -0.6864 -0.7001 -0.7121 -0.7229 -0.7325 -0.7410 
-0.7485 -0.7548 -0.7601 -0.7645 -0.7681 -0.7710 -0.7732 -0.7752 -0.7768 
-0.7783 -0.7796 -0.7808 -0.7820 -0.7831 -0.7844 -0.7856 -0.7869 -0.7882 
-0.7896 -0.7909 -0.7921 -0.7932 -0.7942 -0.7950 -0.7957 -0.7964 -0.7969 
-0.7974 -0.7979 -0.7984 -0.7988 -0.7993 -0.7999 -0.8004 -0.8011 -0.8017 
-0.8024 -0.8031 -0.8038 -0.8044 -0.8050 -0.8056 -0.8060 -0.8065 -0.8068 
 0.4605  0.4543  0.4513  0.4497  0.4475  0.4445  0.4410  0.4370  0.4328 
 0.4284  0.4239  0.4195  0.4151  0.4106  0.4062  0.4017  0.3970  0.3919 
 0.3863  0.3803  0.3733  0.3655  0.3564  0.3461  0.3341  0.3191  0.3021 
 0.2811  0.2555  0.2247  0.1868  0.1390  0.0807  0.0118 -0.0730 -0.1614 
-0.2536 -0.3434 -0.4232 -0.4872 -0.5408 -0.5818 -0.6140 -0.6406 -0.6624 
-0.6813 -0.6981 -0.7132 -0.7265 -0.7381 -0.7480 -0.7564 -0.7633 -0.7689 
-0.7736 -0.7775 -0.7807 -0.7834 -0.7858 -0.7879 -0.7898 -0.7916 -0.7933 
-0.7950 -0.7966 -0.7982 -0.7998 -0.8012 -0.8026 -0.8038 -0.8049 -0.8059 
-0.8068 -0.8076 -0.8084 -0.8091 -0.8099 -0.8107 -0.8116 -0.8125 -0.8136 
-0.8148 -0.8160 -0.8173 -0.8187 -0.8200 -0.8214 -0.8227 -0.8239 -0.8249 
-0.8259 -0.8267 -0.8275 -0.8282 -0.8288 -0.8295 -0.8303 -0.8312 -0.8324 
 0.5104  0.5039  0.4991  0.4961  0.4925  0.4884  0.4839  0.4791  0.4742 
 0.4691  0.4640  0.4586  0.4531  0.4472  0.4408  0.4337  0.4259  0.4172 
 0.4068  0.3952  0.3814  0.3655  0.3469  0.3252  0.3006  0.2696  0.2320 
 0.1880  0.1342  0.0707 -0.0034 -0.0858 -0.1765 -0.2598 -0.3376 -0.4067 
-0.4645 -0.5116 -0.5503 -0.5824 -0.6108 -0.6360 -0.6582 -0.6779 -0.6952 
-0.7102 -0.7229 -0.7337 -0.7427 -0.7501 -0.7564 -0.7615 -0.7658 -0.7695 
-0.7728 -0.7758 -0.7785 -0.7810 -0.7833 -0.7854 -0.7874 -0.7893 -0.7910 
-0.7925 -0.7939 -0.7952 -0.7965 -0.7977 -0.7989 -0.8001 -0.8014 -0.8029 
-0.8044 -0.8062 -0.8081 -0.8102 -0.8125 -0.8150 -0.8175 -0.8201 -0.8227 
-0.8251 -0.8274 -0.8294 -0.8313 -0.8329 -0.8343 -0.8356 -0.8368 -0.8381 
-0.8396 -0.8412 -0.8434 -0.8461 -0.8496 -0.8540 -0.8603 -0.8686 -0.8792 
 0.5663  0.5598  0.5534  0.5495  0.5451  0.5401  0.5347  0.5290  0.5229 
 0.5164  0.5095  0.5016  0.4931  0.4834  0.4724  0.4598  0.4454  0.4292 
 0.4097  0.3874  0.3614  0.3308  0.2954  0.2540  0.2046  0.1469  0.0827 
 0.0076 -0.0702 -0.1488 -0.2261 -0.2963 -0.3565 -0.4093 -0.4548 -0.4935 
-0.5280 -0.5584 -0.5856 -0.6096 -0.6309 -0.6493 -0.6650 -0.6784 -0.6896 
-0.6990 -0.7067 -0.7134 -0.7192 -0.7242 -0.7285 -0.7324 -0.7359 -0.7390 
-0.7419 -0.7444 -0.7468 -0.7489 -0.7509 -0.7528 -0.7546 -0.7564 -0.7583 
-0.7603 -0.7624 -0.7648 -0.7673 -0.7702 -0.7734 -0.7769 -0.7808 -0.7849 
-0.7893 -0.7938 -0.7983 -0.8026 -0.8066 -0.8103 -0.8137 -0.8166 -0.8192 
-0.8215 -0.8237 -0.8260 -0.8283 -0.8311 -0.8343 -0.8384 -0.8434 -0.8502 
-0.8591 -0.8701 -0.8843 -0.9017 -0.9227 -0.9480 -0.9775 -1.0109 -1.0486 
 0.6275  0.6209  0.6139  0.6088  0.6030  0.5965  0.5893  0.5813  0.5724 
 0.5625  0.5515  0.5386  0.5240  0.5072  0.4879  0.4658  0.4404  0.4118 
 0.3782  0.3391  0.2952  0.2445  0.1872  0.1232  0.0536 -0.0217 -0.0933 
-0.1610 -0.2241 -0.2803 -0.3298 -0.3735 -0.4123 -0.4471 -0.4785 -0.5063 
-0.5309 -0.5522 -0.5706 -0.5861 -0.5993 -0.6108 -0.6203 -0.6285 -0.6356 
-0.6417 -0.6470 -0.6517 -0.6560 -0.6598 -0.6632 -0.6662 -0.6691 -0.6718 
-0.6744 -0.6771 -0.6798 -0.6826 -0.6857 -0.6891 -0.6928 -0.6969 -0.7015 
-0.7067 -0.7123 -0.7185 -0.7250 -0.7320 -0.7390 -0.7458 -0.7525 -0.7587 
-0.7644 -0.7694 -0.7738 -0.7778 -0.7816 -0.7849 -0.7885 -0.7923 -0.7966 
-0.8016 -0.8080 -0.8162 -0.8260 -0.8384 -0.8534 -0.8712 -0.8923 -0.9163 
-0.9426 -0.9719 -1.0020 -1.0329 -1.0634 -1.0922 -1.1182 -1.1408 -1.1598 
 0.6924  0.6847  0.6762  0.6692  0.6609  0.6514  0.6405  0.6280  0.6138 
 0.5976  0.5793  0.5580  0.5336  0.5060  0.4743  0.4387  0.3984  0.3530 
 0.3019  0.2466  0.1852  0.1210  0.0560 -0.0094 -0.0714 -0.1282 -0.1798 
-0.2268 -0.2686 -0.3063 -0.3401 -0.3704 -0.3969 -0.4201 -0.4405 -0.4577 
-0.4726 -0.4852 -0.4962 -0.5054 -0.5133 -0.5205 -0.5266 -0.5321 -0.5369 
-0.5414 -0.5453 -0.5490 -0.5526 -0.5561 -0.5598 -0.5635 -0.5675 -0.5718 
-0.5766 -0.5819 -0.5878 -0.5944 -0.6017 -0.6097 -0.6185 -0.6279 -0.6374 
-0.6473 -0.6570 -0.6663 -0.6751 -0.6830 -0.6900 -0.6964 -0.7020 -0.7072 
-0.7121 -0.7170 -0.7221 -0.7279 -0.7349 -0.7429 -0.7527 -0.7642 -0.7777 
-0.7933 -0.8108 -0.8294 -0.8498 -0.8703 -0.8908 -0.9105 -0.9286 -0.9446 
-0.9582 -0.9694 -0.9785 -0.9855 -0.9910 -0.9950 -0.9980 -1.0004 -1.0021 
 0.7572  0.7469  0.7358  0.7248  0.7119  0.6970  0.6798  0.6600  0.6376 
 0.6120  0.5831  0.5505  0.5139  0.4733  0.4286  0.3798  0.3268  0.2704 
 0.2103  0.1511  0.0937  0.0378 -0.0138 -0.0612 -0.1046 -0.1435 -0.1786 
-0.2101 -0.2378 -0.2623 -0.2834 -0.3019 -0.3175 -0.3308 -0.3426 -0.3527 
-0.3614 -0.3690 -0.3760 -0.3818 -0.3871 -0.3922 -0.3969 -0.4014 -0.4059 
-0.4105 -0.4152 -0.4203 -0.4259 -0.4320 -0.4388 -0.4463 -0.4548 -0.4640 
-0.4744 -0.4854 -0.4973 -0.5096 -0.5222 -0.5347 -0.5468 -0.5581 -0.5685 
-0.5777 -0.5860 -0.5934 -0.6000 -0.6062 -0.6121 -0.6185 -0.6252 -0.6327 
-0.6411 -0.6506 -0.6612 -0.6731 -0.6854 -0.6987 -0.7120 -0.7250 -0.7374 
-0.7488 -0.7587 -0.7671 -0.7741 -0.7796 -0.7839 -0.7872 -0.7897 -0.7915 
-0.7930 -0.7940 -0.7948 -0.7954 -0.7958 -0.7962 -0.7965 -0.7968 -0.7970 
 0.8152  0.8009  0.7849  0.7676  0.7479  0.7250  0.6992  0.6701  0.6376 
 0.6014  0.5618  0.5183  0.4723  0.4229  0.3713  0.3189  0.2654  0.2129 
 0.1628  0.1158  0.0726  0.0331 -0.0026 -0.0344 -0.0631 -0.0878 -0.1093 
-0.1283 -0.1446 -0.1587 -0.1708 -0.1817 -0.1906 -0.1986 -0.2059 -0.2124 
-0.2184 -0.2240 -0.2296 -0.2348 -0.2401 -0.2458 -0.2518 -0.2583 -0.2654 
-0.2734 -0.2821 -0.2918 -0.3026 -0.3145 -0.3274 -0.3412 -0.3558 -0.3707 
-0.3860 -0.4004 -0.4142 -0.4269 -0.4384 -0.4486 -0.4576 -0.4655 -0.4730 
-0.4799 -0.4866 -0.4934 -0.5004 -0.5079 -0.5158 -0.5240 -0.5326 -0.5412 
-0.5496 -0.5576 -0.5650 -0.5715 -0.5771 -0.5817 -0.5854 -0.5883 -0.5906 
-0.5923 -0.5935 -0.5945 -0.5952 -0.5958 -0.5962 -0.5965 -0.5968 -0.5970 
-0.5973 -0.5975 -0.5978 -0.5981 -0.5985 -0.5990 -0.5995 -0.6003 -0.6012 
 0.8618  0.8415  0.8184  0.7932  0.7651  0.7338  0.6991  0.6615  0.6211 
 0.5780  0.5328  0.4852  0.4376  0.3906  0.3432  0.2985  0.2565  0.2170 
 0.1816  0.1496  0.1210  0.0958  0.0737  0.0546  0.0376  0.0235  0.0112 
 0.0002 -0.0095 -0.0180 -0.0255 -0.0327 -0.0391 -0.0451 -0.0513 -0.0574 
-0.0638 -0.0704 -0.0777 -0.0854 -0.0939 -0.1035 -0.1141 -0.1258 -0.1387 
-0.1528 -0.1680 -0.1844 -0.2010 -0.2179 -0.2347 -0.2506 -0.2656 -0.2793 
-0.2914 -0.3023 -0.3118 -0.3202 -0.3278 -0.3348 -0.3413 -0.3476 -0.3538 
-0.3599 -0.3659 -0.3716 -0.3771 -0.3822 -0.3868 -0.3907 -0.3940 -0.3968 
-0.3989 -0.4006 -0.4019 -0.4028 -0.4036 -0.4041 -0.4045 -0.4049 -0.4051 
-0.4053 -0.4055 -0.4057 -0.4059 -0.4062 -0.4065 -0.4068 -0.4073 -0.4078 
-0.4085 -0.4094 -0.4104 -0.4118 -0.4135 -0.4157 -0.4182 -0.4216 -0.4258 
 0.8945  0.8675  0.8369  0.8046  0.7693  0.7321  0.6927  0.6515  0.6095 
 0.5667  0.5237  0.4818  0.4412  0.4036  0.3684  0.3365  0.3079  0.2821 
 0.2600  0.2408  0.2237  0.2088  0.1960  0.1847  0.1746  0.1659  0.1580 
 0.1505  0.1435  0.1367  0.1300  0.1230  0.1159  0.1085  0.1003  0.0913 
 0.0814  0.0705  0.0584  0.0451  0.0303  0.0144 -0.0026 -0.0205 -0.0387 
-0.0572 -0.0753 -0.0926 -0.1084 -0.1227 -0.1354 -0.1466 -0.1563 -0.1647 
-0.1720 -0.1785 -0.1844 -0.1897 -0.1946 -0.1991 -0.2031 -0.2067 -0.2098 
-0.2125 -0.2147 -0.2165 -0.2179 -0.2190 -0.2198 -0.2205 -0.2210 -0.2214 
-0.2216 -0.2219 -0.2221 -0.2222 -0.2224 -0.2226 -0.2228 -0.2230 -0.2233 
-0.2237 -0.2242 -0.2248 -0.2255 -0.2265 -0.2276 -0.2291 -0.2309 -0.2331 
-0.2359 -0.2395 -0.2438 -0.2493 -0.2559 -0.2641 -0.2738 -0.2857 -0.2996 
 0.9167  0.8845  0.8496  0.8137  0.7763  0.7384  0.7007  0.6621  0.6250 
 0.5893  0.5550  0.5238  0.4953  0.4696  0.4469  0.4270  0.4096  0.3943 
 0.3812  0.3698  0.3594  0.3501  0.3416  0.3337  0.3262  0.3189  0.3118 
 0.3043  0.2963  0.2880  0.2789  0.2690  0.2581  0.2461  0.2328  0.2181 
 0.2021  0.1848  0.1664  0.1471  0.1271  0.1075  0.0886  0.0705  0.0540 
 0.0391  0.0260  0.0148  0.0050 -0.0033 -0.0103 -0.0164 -0.0215 -0.0258 
-0.0295 -0.0327 -0.0353 -0.0376 -0.0393 -0.0407 -0.0418 -0.0427 -0.0433 
-0.0438 -0.0442 -0.0445 -0.0447 -0.0449 -0.0451 -0.0452 -0.0454 -0.0455 
-0.0457 -0.0460 -0.0463 -0.0467 -0.0471 -0.0478 -0.0485 -0.0495 -0.0507 
-0.0521 -0.0539 -0.0561 -0.0589 -0.0623 -0.0665 -0.0716 -0.0778 -0.0853 
-0.0943 -0.1050 -0.1174 -0.1317 -0.1478 -0.1659 -0.1858 -0.2072 -0.2300 
 0.9397  0.9064  0.8722  0.8376  0.8037  0.7702  0.7385  0.7081  0.6800 
 0.6546  0.6313  0.6111  0.5935  0.5778  0.5639  0.5518  0.5410  0.5313 
 0.5223  0.5143  0.5064  0.4985  0.4907  0.4827  0.4743  0.4653  0.4558 
 0.4452  0.4334  0.4206  0.4064  0.3908  0.3738  0.3553  0.3358  0.3157 
 0.2948  0.2743  0.2543  0.2353  0.2179  0.2024  0.1887  0.1771  0.1671 
 0.1588  0.1520  0.1464  0.1419  0.1380  0.1350  0.1326  0.1308  0.1293 
 0.1282  0.1273  0.1266  0.1261  0.1257  0.1255  0.1252  0.1251  0.1249 
 0.1248  0.1246  0.1244  0.1243  0.1240  0.1237  0.1234  0.1229  0.1224 
 0.1216  0.1207  0.1196  0.1183  0.1167  0.1146  0.1121  0.1090  0.1053 
 0.1008  0.0955  0.0890  0.0812  0.0721  0.0615  0.0494  0.0357  0.0203 
 0.0034 -0.0148 -0.0345 -0.0552 -0.0769 -0.0993 -0.1221 -0.1449 -0.1672 
 0.9766  0.9463  0.9168  0.8876  0.8607  0.8355  0.8124  0.7916  0.7730 
 0.7566  0.7422  0.7293  0.7183  0.7081  0.6986  0.6898  0.6815  0.6734 
 0.6650  0.6569  0.6482  0.6387  0.6286  0.6176  0.6055  0.5921  0.5774 
 0.5613  0.5438  0.5246  0.5046  0.4835  0.4618  0.4401  0.4189  0.3993 
 0.3809  0.3644  0.3500  0.3377  0.3274  0.3188  0.3117  0.3062  0.3016 
 0.2981  0.2954  0.2934  0.2918  0.2905  0.2896  0.2889  0.2886  0.2881 
 0.2878  0.2876  0.2874  0.2872  0.2871  0.2869  0.2867  0.2865  0.2863 
 0.2860  0.2856  0.2851  0.2844  0.2837  0.2827  0.2816  0.2801  0.2784 
 0.2763  0.2737  0.2706  0.2669  0.2625  0.2571  0.2509  0.2435  0.2349 
 0.2250  0.2138  0.2012  0.1873  0.1720  0.1555  0.1379  0.1193  0.0999 
 0.0800  0.0602  0.0400  0.0204  0.0012 -0.0173 -0.0348 -0.0513 -0.0665 
 1.0361  1.0117  0.9891  0.9678  0.9489  0.9322  0.9170  0.9034  0.8914 
 0.8805  0.8708  0.8613  0.8528  0.8444  0.8357  0.8270  0.8180  0.8085 
 0.7979  0.7869  0.7746  0.7610  0.7460  0.7297  0.7119  0.6924  0.6718 
 0.6499  0.6280  0.6054  0.5836  0.5627  0.5433  0.5258  0.5104  0.4971 
 0.4860  0.4768  0.4693  0.4634  0.4588  0.4553  0.4525  0.4504  0.4488 
 0.4479  0.4469  0.4463  0.4458  0.4455  0.4452  0.4450  0.4448  0.4446 
 0.4444  0.4442  0.4440  0.4437  0.4434  0.4430  0.4425  0.4418  0.4411 
 0.4401  0.4389  0.4375  0.4358  0.4338  0.4313  0.4284  0.4249  0.4207 
 0.4158  0.4100  0.4033  0.3955  0.3867  0.3766  0.3654  0.3530  0.3395 
 0.3249  0.3093  0.2928  0.2759  0.2584  0.2409  0.2233  0.2060  0.1891 
 0.1729  0.1576  0.1433  0.1300  0.1179  0.1069  0.0970  0.0883  0.0807 
 1.1207  1.1031  1.0873  1.0731  1.0601  1.0489  1.0385  1.0286  1.0194 
 1.0105  1.0019  0.9927  0.9837  0.9742  0.9637  0.9524  0.9401  0.9267 
 0.9117  0.8955  0.8776  0.8583  0.8375  0.8157  0.7931  0.7699  0.7471 
 0.7248  0.7043  0.6854  0.6686  0.6541  0.6417  0.6315  0.6235  0.6167 
 0.6116  0.6076  0.6046  0.6023  0.6006  0.5994  0.5985  0.5978  0.5973 
 0.5969  0.5966  0.5964  0.5962  0.5959  0.5957  0.5955  0.5952  0.5948 
 0.5944  0.5940  0.5933  0.5926  0.5917  0.5906  0.5893  0.5878  0.5859 
 0.5837  0.5810  0.5779  0.5742  0.5698  0.5648  0.5589  0.5522  0.5445 
 0.5358  0.5261  0.5154  0.5036  0.4908  0.4774  0.4631  0.4482  0.4330 
 0.4176  0.4021  0.3867  0.3719  0.3576  0.3441  0.3314  0.3196  0.3088 
 0.2990  0.2902  0.2824  0.2755  0.2695  0.2644  0.2601  0.2565  0.2536 
 1.2240  1.2116  1.2002  1.1901  1.1799  1.1710  1.1621  1.1529  1.1436 
 1.1338  1.1237  1.1123  1.1005  1.0874  1.0729  1.0569  1.0395  1.0206 
 1.0001  0.9783  0.9550  0.9318  0.9082  0.8852  0.8633  0.8428  0.8243 
 0.8082  0.7942  0.7826  0.7730  0.7653  0.7592  0.7546  0.7512  0.7484 
 0.7464  0.7449  0.7438  0.7430  0.7424  0.7420  0.7416  0.7413  0.7410 
 0.7408  0.7405  0.7402  0.7399  0.7395  0.7391  0.7385  0.7378  0.7371 
 0.7361  0.7350  0.7336  0.7320  0.7301  0.7278  0.7252  0.7220  0.7184 
 0.7141  0.7092  0.7035  0.6970  0.6897  0.6816  0.6724  0.6625  0.6517 
 0.6401  0.6279  0.6150  0.6018  0.5881  0.5746  0.5612  0.5480  0.5353 
 0.5231  0.5117  0.5010  0.4912  0.4822  0.4742  0.4670  0.4606  0.4550 
 0.4503  0.4461  0.4426  0.4398  0.4374  0.4356  0.4342  0.4333  0.4328 
 1.3377  1.3278  1.3183  1.3092  1.2994  1.2900  1.2800  1.2691  1.2574 
 1.2447  1.2308  1.2154  1.1987  1.1803  1.1605  1.1390  1.1164  1.0930 
 1.0689  1.0449  1.0214  0.9995  0.9793  0.9612  0.9453  0.9318  0.9206 
 0.9117  0.9043  0.8986  0.8943  0.8909  0.8884  0.8866  0.8853  0.8843 
 0.8835  0.8829  0.8824  0.8821  0.8818  0.8815  0.8812  0.8808  0.8805 
 0.8801  0.8796  0.8790  0.8783  0.8775  0.8766  0.8754  0.8741  0.8725 
 0.8706  0.8685  0.8659  0.8629  0.8594  0.8554  0.8507  0.8454  0.8395 
 0.8327  0.8252  0.8169  0.8079  0.7981  0.7877  0.7766  0.7653  0.7536 
 0.7417  0.7299  0.7182  0.7068  0.6958  0.6854  0.6757  0.6667  0.6585 
 0.6510  0.6442  0.6382  0.6329  0.6283  0.6243  0.6208  0.6179  0.6155 
 0.6135  0.6119  0.6106  0.6097  0.6090  0.6086  0.6083  0.6082  0.6083 
 1.4505  1.4408  1.4307  1.4202  1.4088  1.3968  1.3838  1.3693  1.3534 
 1.3360  1.3171  1.2966  1.2746  1.2511  1.2272  1.2028  1.1785  1.1552 
 1.1331  1.1127  1.0947  1.0789  1.0655  1.0545  1.0454  1.0383  1.0328 
 1.0286  1.0254  1.0229  1.0211  1.0197  1.0187  1.0180  1.0175  1.0170 
 1.0166  1.0162  1.0159  1.0155  1.0151  1.0147  1.0142  1.0137  1.0130 
 1.0122  1.0113  1.0102  1.0090  1.0075  1.0058  1.0038  1.0014  0.9986 
 0.9955  0.9918  0.9876  0.9828  0.9774  0.9714  0.9647  0.9573  0.9492 
 0.9406  0.9314  0.9217  0.9118  0.9015  0.8911  0.8807  0.8705  0.8607 
 0.8512  0.8423  0.8339  0.8261  0.8190  0.8126  0.8068  0.8016  0.7971 
 0.7931  0.7896  0.7866  0.7840  0.7818  0.7799  0.7783  0.7770  0.7759 
 0.7749  0.7742  0.7733  0.7725  0.7716  0.7703  0.7687  0.7666  0.7637 
 1.5567  1.5451  1.5325  1.5189  1.5041  1.4879  1.4702  1.4509  1.4301 
 1.4077  1.3844  1.3600  1.3352  1.3105  1.2868  1.2647  1.2442  1.2260 
 1.2101  1.1966  1.1857  1.1766  1.1693  1.1638  1.1594  1.1562  1.1538 
 1.1521  1.1507  1.1496  1.1489  1.1482  1.1477  1.1473  1.1469  1.1465 
 1.1461  1.1457  1.1452  1.1447  1.1440  1.1433  1.1425  1.1415  1.1404 
 1.1390  1.1375  1.1357  1.1336  1.1312  1.1283  1.1251  1.1214  1.1172 
 1.1125  1.1072  1.1013  1.0949  1.0879  1.0803  1.0723  1.0639  1.0551 
 1.0461  1.0371  1.0281  1.0193  1.0107  1.0024  0.9946  0.9873  0.9805 
 0.9743  0.9687  0.9636  0.9590  0.9550  0.9514  0.9482  0.9455  0.9430 
 0.9408  0.9389  0.9372  0.9357  0.9342  0.9327  0.9313  0.9297  0.9279 
 0.9258  0.9233  0.9203  0.9157  0.9100  0.9023  0.8917  0.8781  0.8603 
 1.6512  1.6362  1.6198  1.6019  1.5825  1.5615  1.5390  1.5153  1.4911 
 1.4660  1.4416  1.4177  1.3950  1.3743  1.3558  1.3396  1.3259  1.3144 
 1.3051  1.2977  1.2921  1.2877  1.2843  1.2818  1.2798  1.2784  1.2773 
 1.2765  1.2759  1.2753  1.2748  1.2744  1.2739  1.2735  1.2730  1.2725 
 1.2719  1.2713  1.2705  1.2697  1.2687  1.2675  1.2662  1.2646  1.2628 
 1.2607  1.2583  1.2555  1.2524  1.2488  1.2447  1.2402  1.2352  1.2297 
 1.2237  1.2171  1.2102  1.2030  1.1954  1.1877  1.1799  1.1721  1.1643 
 1.1568  1.1496  1.1427  1.1363  1.1302  1.1247  1.1197  1.1151  1.1109 
 1.1072  1.1038  1.1007  1.0980  1.0955  1.0932  1.0910  1.0889  1.0869 
 1.0848  1.0827  1.0804  1.0778  1.0750  1.0712  1.0669  1.0612  1.0539 
 1.0446  1.0326  1.0175  0.9971  0.9706  0.9382  0.8986  0.8519  0.7981 
 1.7321  1.7129  1.6919  1.6697  1.6464  1.6218  1.5969  1.5720  1.5483 
 1.5253  1.5043  1.4854  1.4687  1.4546  1.4428  1.4329  1.4253  1.4192 
 1.4145  1.4109  1.4083  1.4063  1.4046  1.4035  1.4025  1.4018  1.4012 
 1.4007  1.4002  1.3997  1.3992  1.3987  1.3982  1.3976  1.3969  1.3962 
 1.3953  1.3943  1.3932  1.3919  1.3904  1.3886  1.3866  1.3843  1.3817 
 1.3787  1.3753  1.3716  1.3674  1.3627  1.3577  1.3523  1.3464  1.3403 
 1.3339  1.3272  1.3204  1.3137  1.3070  1.3004  1.2941  1.2880  1.2822 
 1.2768  1.2718  1.2671  1.2629  1.2589  1.2553  1.2519  1.2488  1.2459 
 1.2431  1.2404  1.2377  1.2350  1.2322  1.2293  1.2261  1.2224  1.2185 
 1.2137  1.2081  1.2013  1.1930  1.1832  1.1698  1.1520  1.1305  1.1027 
 1.0685  1.0272  0.9782  0.9225  0.8624  0.7965  0.7279  0.6565  0.5832 
 1.8010  1.7781  1.7538  1.7294  1.7050  1.6807  1.6578  1.6363  1.6170 
 1.5999  1.5851  1.5727  1.5624  1.5544  1.5480  1.5429  1.5390  1.5360 
 1.5338  1.5320  1.5307  1.5297  1.5288  1.5281  1.5275  1.5270  1.5264 
 1.5259  1.5254  1.5249  1.5243  1.5236  1.5229  1.5221  1.5211  1.5201 
 1.5188  1.5174  1.5158  1.5139  1.5118  1.5094  1.5067  1.5036  1.5002 
 1.4965  1.4923  1.4879  1.4831  1.4779  1.4726  1.4670  1.4613  1.4555 
 1.4497  1.4439  1.4383  1.4329  1.4277  1.4227  1.4181  1.4137  1.4095 
 1.4056  1.4019  1.3983  1.3949  1.3915  1.3881  1.3847  1.3812  1.3775 
 1.3734  1.3691  1.3644  1.3590  1.3530  1.3462  1.3387  1.3290  1.3170 
 1.3030  1.2847  1.2621  1.2342  1.1996  1.1579  1.1097  1.0538  0.9927 
 0.9266  0.8566  0.7837  0.7080  0.6288  0.5461  0.4598  0.3700  0.2771 
 1.8667  1.8428  1.8188  1.7960  1.7747  1.7549  1.7375  1.7224  1.7094 
 1.6988  1.6900  1.6831  1.6775  1.6734  1.6703  1.6677  1.6657  1.6642 
 1.6630  1.6620  1.6612  1.6605  1.6599  1.6593  1.6588  1.6583  1.6577 
 1.6571  1.6565  1.6558  1.6550  1.6542  1.6531  1.6521  1.6507  1.6493 
 1.6476  1.6458  1.6436  1.6412  1.6386  1.6356  1.6323  1.6288  1.6249 
 1.6208  1.6164  1.6119  1.6071  1.6021  1.5972  1.5923  1.5874  1.5825 
 1.5778  1.5732  1.5688  1.5645  1.5603  1.5563  1.5522  1.5482  1.5442 
 1.5401  1.5358  1.5312  1.5263  1.5210  1.5153  1.5089  1.5020  1.4945 
 1.4858  1.4759  1.4648  1.4515  1.4360  1.4174  1.3947  1.3672  1.3329 
 1.2920  1.2443  1.1899  1.1290  1.0630  0.9927  0.9188  0.8417  0.7606 
 0.6753  0.5859  0.4922  0.3938  0.2962  0.1972  0.1015  0.0103 -0.0747 
 1.9444  1.9230  1.9031  1.8853  1.8698  1.8561  1.8450  1.8360  1.8284 
 1.8225  1.8178  1.8141  1.8111  1.8090  1.8073  1.8059  1.8047  1.8038 
 1.8030  1.8023  1.8016  1.8011  1.8005  1.8000  1.7994  1.7988  1.7982 
 1.7974  1.7967  1.7958  1.7948  1.7937  1.7924  1.7910  1.7894  1.7876 
 1.7855  1.7833  1.7808  1.7780  1.7751  1.7718  1.7683  1.7646  1.7608 
 1.7568  1.7526  1.7484  1.7441  1.7398  1.7354  1.7311  1.7268  1.7225 
 1.7182  1.7138  1.7093  1.7046  1.6997  1.6945  1.6888  1.6826  1.6759 
 1.6685  1.6605  1.6515  1.6415  1.6306  1.6183  1.6048  1.5897  1.5728 
 1.5534  1.5296  1.5022  1.4692  1.4300  1.3843  1.3318  1.2721  1.2078 
 1.1384  1.0647  0.9872  0.9055  0.8195  0.7279  0.6329  0.5334  0.4317 
 0.3292  0.2276  0.1291  0.0351 -0.0500 -0.1266 -0.1937 -0.2507 -0.2977 
 2.0506  2.0341  2.0199  2.0079  1.9979  1.9896  1.9831  1.9781  1.9739 
 1.9705  1.9679  1.9658  1.9641  1.9628  1.9617  1.9608  1.9600  1.9593 
 1.9586  1.9580  1.9575  1.9569  1.9563  1.9558  1.9551  1.9544  1.9537 
 1.9528  1.9519  1.9508  1.9496  1.9483  1.9468  1.9451  1.9432  1.9412 
 1.9389  1.9365  1.9338  1.9309  1.9278  1.9245  1.9211  1.9175  1.9138 
 1.9099  1.9060  1.9019  1.8976  1.8933  1.8887  1.8838  1.8787  1.8731 
 1.8671  1.8605  1.8533  1.8453  1.8362  1.8263  1.8151  1.8027  1.7890 
 1.7739  1.7575  1.7393  1.7189  1.6969  1.6718  1.6434  1.6108  1.5731 
 1.5293  1.4792  1.4225  1.3599  1.2924  1.2198  1.1429  1.0618  0.9760 
 0.8851  0.7895  0.6899  0.5864  0.4808  0.3737  0.2706  0.1711  0.0773 
-0.0085 -0.0854 -0.1523 -0.2080 -0.2546 -0.2915 -0.3203 -0.3426 -0.3591 
 2.1933  2.1815  2.1718  2.1640  2.1577  2.1526  2.1486  2.1455  2.1430 
 2.1409  2.1392  2.1378  2.1367  2.1357  2.1350  2.1343  2.1336  2.1330 
 2.1324  2.1319  2.1313  2.1308  2.1301  2.1295  2.1288  2.1280  2.1271 
 2.1261  2.1250  2.1238  2.1224  2.1209  2.1192  2.1174  2.1153  2.1131 
 2.1107  2.1080  2.1052  2.1022  2.0990  2.0955  2.0919  2.0880  2.0838 
 2.0794  2.0745  2.0692  2.0634  2.0571  2.0501  2.0420  2.0331  2.0230 
 2.0116  1.9988  1.9844  1.9683  1.9503  1.9303  1.9085  1.8845  1.8585 
 1.8302  1.7992  1.7658  1.7274  1.6843  1.6360  1.5818  1.5217  1.4560 
 1.3853  1.3099  1.2300  1.1455  1.0563  0.9621  0.8628  0.7584  0.6523 
 0.5449  0.4372  0.3329  0.2323  0.1378  0.0511 -0.0257 -0.0920 -0.1480 
-0.1940 -0.2305 -0.2587 -0.2797 -0.2962 -0.3086 -0.3175 -0.3242 -0.3290 
 2.3687  2.3601  2.3530  2.3475  2.3431  2.3396  2.3368  2.3346  2.3328 
 2.3313  2.3301  2.3290  2.3282  2.3274  2.3268  2.3262  2.3256  2.3250 
 2.3245  2.3239  2.3233  2.3227  2.3220  2.3213  2.3205  2.3195  2.3185 
 2.3174  2.3161  2.3147  2.3132  2.3114  2.3095  2.3074  2.3051  2.3025 
 2.2997  2.2966  2.2933  2.2896  2.2855  2.2810  2.2761  2.2706  2.2642 
 2.2572  2.2492  2.2401  2.2298  2.2180  2.2047  2.1893  2.1718  2.1521 
 2.1299  2.1051  2.0778  2.0478  2.0154  1.9800  1.9421  1.9011  1.8563 
 1.8077  1.7543  1.6955  1.6316  1.5628  1.4889  1.4107  1.3281  1.2408 
 1.1481  1.0509  0.9495  0.8437  0.7360  0.6267  0.5180  0.4114  0.3103 
 0.2165  0.1299  0.0535 -0.0127 -0.0682 -0.1128 -0.1489 -0.1776 -0.1987 
-0.2153 -0.2273 -0.2361 -0.2425 -0.2472 -0.2508 -0.2533 -0.2552 -0.2565 
 2.5685  2.5612  2.5551  2.5506  2.5469  2.5440  2.5416  2.5399  2.5384 
 2.5371  2.5361  2.5352  2.5345  2.5338  2.5332  2.5326  2.5320  2.5315 
 2.5309  2.5302  2.5296  2.5288  2.5280  2.5271  2.5262  2.5251  2.5238 
 2.5225  2.5209  2.5192  2.5172  2.5150  2.5126  2.5098  2.5068  2.5033 
 2.4995  2.4950  2.4901  2.4845  2.4780  2.4706  2.4622  2.4527  2.4414 
 2.4285  2.4137  2.3966  2.3771  2.3548  2.3295  2.3009  2.2689  2.2334 
 2.1946  2.1524  2.1070  2.0584  2.0067  1.9512  1.8914  1.8275  1.7591 
 1.6861  1.6090  1.5278  1.4422  1.3521  1.2572  1.1580  1.0545  0.9472 
 0.8370  0.7265  0.6187  0.5118  0.4111  0.3164  0.2299  0.1535  0.0875 
 0.0317 -0.0131 -0.0495 -0.0776 -0.0989 -0.1147 -0.1266 -0.1360 -0.1423 
-0.1472 -0.1507 -0.1532 -0.1550 -0.1563 -0.1573 -0.1579 -0.1585 -0.1589 
 2.7820  2.7750  2.7692  2.7650  2.7615  2.7589  2.7566  2.7550  2.7536 
 2.7524  2.7514  2.7506  2.7498  2.7491  2.7485  2.7479  2.7472  2.7466 
 2.7459  2.7451  2.7443  2.7433  2.7423  2.7411  2.7399  2.7384  2.7367 
 2.7349  2.7327  2.7303  2.7275  2.7244  2.7207  2.7165  2.7118  2.7063 
 2.7002  2.6928  2.6844  2.6746  2.6633  2.6502  2.6350  2.6176  2.5973 
 2.5736  2.5469  2.5161  2.4813  2.4423  2.3989  2.3511  2.2993  2.2438 
 2.1845  2.1216  2.0550  1.9847  1.9107  1.8328  1.7513  1.6662  1.5772 
 1.4844  1.3873  1.2856  1.1800  1.0726  0.9616  0.8512  0.7417  0.6348 
 0.5325  0.4368  0.3506  0.2734  0.2067  0.1506  0.1049  0.0688  0.0408 
 0.0181  0.0020 -0.0105 -0.0197 -0.0263 -0.0311 -0.0346 -0.0373 -0.0391 
-0.0405 -0.0416 -0.0423 -0.0429 -0.0433 -0.0437 -0.0440 -0.0443 -0.0444 
 2.9980  2.9912  2.9856  2.9814  2.9780  2.9754  2.9732  2.9716  2.9702 
 2.9690  2.9679  2.9670  2.9662  2.9654  2.9647  2.9639  2.9631  2.9622 
 2.9613  2.9602  2.9591  2.9578  2.9564  2.9547  2.9529  2.9507  2.9482 
 2.9454  2.9421  2.9384  2.9340  2.9289  2.9231  2.9162  2.9082  2.8990 
 2.8885  2.8759  2.8611  2.8442  2.8243  2.8013  2.7748  2.7442  2.7094 
 2.6694  2.6243  2.5740  2.5188  2.4585  2.3934  2.3241  2.2508  2.1741 
 2.0936  2.0100  1.9232  1.8334  1.7404  1.6441  1.5444  1.4408  1.3343 
 1.2248  1.1134  1.0014  0.8895  0.7826  0.6789  0.5824  0.4939  0.4147 
 0.3461  0.2886  0.2404  0.2026  0.1724  0.1492  0.1319  0.1190  0.1098 
 0.1023  0.0972  0.0934  0.0905  0.0885  0.0870  0.0859  0.0850  0.0843 
 0.0837  0.0832  0.0827  0.0822  0.0817  0.0811  0.0803  0.0793  0.0779 
 3.2203  3.2132  3.2073  3.2027  3.1990  3.1962  3.1939  3.1920  3.1904 
 3.1891  3.1878  3.1867  3.1857  3.1847  3.1836  3.1826  3.1814  3.1802 
 3.1789  3.1773  3.1756  3.1737  3.1715  3.1689  3.1660  3.1626  3.1586 
 3.1540  3.1487  3.1426  3.1353  3.1268  3.1169  3.1052  3.0917  3.0759 
 3.0577  3.0364  3.0110  2.9821  2.9484  2.9097  2.8656  2.8158  2.7595 
 2.6975  2.6300  2.5565  2.4785  2.3959  2.3094  2.2195  2.1266  2.0310 
 1.9327  1.8318  1.7283  1.6219  1.5127  1.4002  1.2878  1.1741  1.0620 
 0.9527  0.8474  0.7480  0.6560  0.5743  0.5029  0.4418  0.3913  0.3508 
 0.3188  0.2951  0.2757  0.2617  0.2511  0.2433  0.2376  0.2335  0.2306 
 0.2282  0.2265  0.2252  0.2241  0.2232  0.2224  0.2216  0.2208  0.2199 
 0.2188  0.2174  0.2156  0.2133  0.2104  0.2062  0.2009  0.1944  0.1866 
 3.4390  3.4310  3.4244  3.4196  3.4158  3.4121  3.4089  3.4066  3.4048 
 3.4030  3.4015  3.4000  3.3986  3.3972  3.3957  3.3942  3.3925  3.3906 
 3.3886  3.3862  3.3836  3.3805  3.3771  3.3730  3.3682  3.3628  3.3563 
 3.3488  3.3400  3.3300  3.3180  3.3036  3.2874  3.2680  3.2454  3.2192 
 3.1887  3.1538  3.1129  3.0660  3.0131  2.9533  2.8867  2.8134  2.7339 
 2.6482  2.5586  2.4642  2.3664  2.2656  2.1621  2.0564  1.9482  1.8381 
 1.7256  1.6114  1.4964  1.3806  1.2656  1.1516  1.0434  0.9403  0.8444 
 0.7574  0.6803  0.6139  0.5593  0.5136  0.4777  0.4495  0.4277  0.4116 
 0.3996  0.3911  0.3843  0.3794  0.3757  0.3729  0.3709  0.3692  0.3679 
 0.3667  0.3655  0.3643  0.3629  0.3614  0.3595  0.3573  0.3541  0.3500 
 0.3447  0.3380  0.3299  0.3202  0.3088  0.2971  0.2849  0.2728  0.2615 
 3.6502  3.6420  3.6352  3.6293  3.6244  3.6204  3.6173  3.6148  3.6121 
 3.6096  3.6074  3.6054  3.6034  3.6014  3.5992  3.5969  3.5943  3.5915 
 3.5883  3.5847  3.5805  3.5757  3.5702  3.5637  3.5560  3.5473  3.5368 
 3.5246  3.5104  3.4938  3.4748  3.4517  3.4251  3.3940  3.3578  3.3163 
 3.2685  3.2139  3.1521  3.0831  3.0066  2.9235  2.8338  2.7384  2.6381 
 2.5336  2.4265  2.3166  2.2044  2.0904  1.9746  1.8572  1.7380  1.6195 
 1.5014  1.3848  1.2717  1.1626  1.0601  0.9652  0.8805  0.8065  0.7431 
 0.6902  0.6476  0.6142  0.5890  0.5689  0.5538  0.5426  0.5342  0.5281 
 0.5236  0.5203  0.5176  0.5154  0.5135  0.5118  0.5102  0.5085  0.5067 
 0.5043  0.5013  0.4976  0.4928  0.4867  0.4791  0.4695  0.4586  0.4462 
 0.4326  0.4189  0.4051  0.3920  0.3802  0.3690  0.3585  0.3485  0.3378 
 3.8651  3.8530  3.8421  3.8339  3.8284  3.8237  3.8198  3.8155  3.8120 
 3.8092  3.8061  3.8027  3.7996  3.7966  3.7934  3.7899  3.7860  3.7815 
 3.7766  3.7708  3.7643  3.7567  3.7480  3.7378  3.7256  3.7117  3.6951 
 3.6757  3.6532  3.6270  3.5969  3.5611  3.5193  3.4719  3.4172  3.3551 
 3.2854  3.2079  3.1221  3.0303  2.9318  2.8278  2.7198  2.6079  2.4929 
 2.3756  2.2566  2.1363  2.0146  1.8927  1.7707  1.6497  1.5300  1.4150 
 1.3056  1.2023  1.1080  1.0229  0.9487  0.8864  0.8341  0.7917  0.7588 
 0.7327  0.7132  0.6986  0.6880  0.6797  0.6733  0.6687  0.6650  0.6621 
 0.6596  0.6575  0.6552  0.6528  0.6501  0.6468  0.6428  0.6377  0.6312 
 0.6231  0.6132  0.6013  0.5881  0.5735  0.5582  0.5429  0.5283  0.5148 
 0.5022  0.4902  0.4786  0.4667  0.4540  0.4393  0.4221  0.4021  0.3795 
 4.0649  4.0547  4.0459  4.0365  4.0255  4.0173  4.0118  4.0073  4.0027 
 3.9980  3.9937  3.9903  3.9860  3.9806  3.9754  3.9702  3.9644  3.9576 
 3.9500  3.9412  3.9311  3.9191  3.9054  3.8900  3.8711  3.8492  3.8238 
 3.7938  3.7592  3.7191  3.6728  3.6197  3.5587  3.4897  3.4129  3.3282 
 3.2356  3.1361  3.0300  2.9194  2.8049  2.6867  2.5662  2.4436  2.3195 
 2.1941  2.0688  1.9444  1.8205  1.6998  1.5824  1.4701  1.3642  1.2672 
 1.1807  1.1044  1.0393  0.9854  0.9419  0.9081  0.8815  0.8603  0.8452 
 0.8333  0.8246  0.8180  0.8130  0.8089  0.8053  0.8023  0.7992  0.7961 
 0.7926  0.7885  0.7834  0.7767  0.7688  0.7589  0.7470  0.7333  0.7179 
 0.7017  0.6857  0.6697  0.6546  0.6405  0.6273  0.6148  0.6020  0.5877 
 0.5725  0.5550  0.5351  0.5129  0.4884  0.4632  0.4394  0.4159  0.3957 
 4.2637  4.2504  4.2392  4.2292  4.2269  4.2167  4.1980  4.1914  4.1854 
 4.1798  4.1738  4.1671  4.1604  4.1538  4.1466  4.1383  4.1294  4.1189 
 4.1073  4.0938  4.0783  4.0603  4.0395  4.0157  3.9873  3.9537  3.9158 
 3.8712  3.8200  3.7615  3.6951  3.6200  3.5371  3.4461  3.3473  3.2423 
 3.1312  3.0150  2.8949  2.7721  2.6476  2.5208  2.3936  2.2659  2.1383 
 2.0116  1.8874  1.7682  1.6522  1.5438  1.4432  1.3520  1.2719  1.2030 
 1.1447  1.0981  1.0601  1.0308  1.0084  0.9916  0.9788  0.9684  0.9611 
 0.9549  0.9500  0.9458  0.9419  0.9379  0.9333  0.9283  0.9220  0.9143 
 0.9050  0.8936  0.8801  0.8654  0.8488  0.8321  0.8152  0.7988  0.7835 
 0.7693  0.7551  0.7416  0.7272  0.7118  0.6948  0.6757  0.6547  0.6335 
 0.6109  0.5898  0.5703  0.5533  0.5397  0.5298  0.5240  0.5221  0.5246 
 4.4217  4.4106  4.4011  4.3924  4.3848  4.3777  4.3709  4.3645  4.3577 
 4.3457  4.3350  4.3280  4.3200  4.3090  4.2981  4.2870  4.2740  4.2587 
 4.2413  4.2215  4.1984  4.1718  4.1409  4.1050  4.0638  4.0152  3.9599 
 3.8969  3.8256  3.7458  3.6576  3.5610  3.4574  3.3482  3.2322  3.1127 
 2.9895  2.8633  2.7352  2.6058  2.4767  2.3469  2.2188  2.0925  1.9690 
 1.8497  1.7361  1.6315  1.5348  1.4488  1.3738  1.3102  1.2582  1.2166 
 1.1823  1.1568  1.1366  1.1214  1.1096  1.1008  1.0938  1.0874  1.0821 
 1.0768  1.0713  1.0653  1.0582  1.0498  1.0395  1.0271  1.0131  0.9975 
 0.9805  0.9630  0.9457  0.9292  0.9138  0.8990  0.8845  0.8703  0.8553 
 0.8392  0.8220  0.8032  0.7840  0.7647  0.7462  0.7294  0.7151  0.7043 
 0.6968  0.6932  0.6934  0.6978  0.7067  0.7204  0.7389  0.7625  0.7905 
 4.6010  4.5874  4.5753  4.5641  4.5541  4.5446  4.5353  4.5264  4.5178 
 4.5032  4.4888  4.4766  4.4649  4.4520  4.4378  4.4200  4.4011  4.3797 
 4.3542  4.3248  4.2907  4.2520  4.2069  4.1557  4.0970  4.0300  3.9545 
 3.8705  3.7785  3.6785  3.5710  3.4573  3.3381  3.2158  3.0895  2.9613 
 2.8316  2.7005  2.5694  2.4383  2.3101  2.1833  2.0609  1.9437  1.8325 
 1.7299  1.6366  1.5545  1.4838  1.4241  1.3753  1.3358  1.3057  1.2827 
 1.2636  1.2495  1.2381  1.2290  1.2212  1.2144  1.2081  1.2007  1.1928 
 1.1835  1.1726  1.1600  1.1454  1.1288  1.1120  1.0944  1.0772  1.0606 
 1.0449  1.0300  1.0158  1.0011  0.9860  0.9702  0.9537  0.9366  0.9195 
 0.9029  0.8886  0.8764  0.8672  0.8611  0.8585  0.8595  0.8643  0.8736 
 0.8874  0.9057  0.9284  0.9555  0.9861  1.0207  1.0559  1.0927  1.1290 
 4.8543  4.7667  4.7428  4.7286  4.7152  4.7024  4.6900  4.6779  4.6654 
 4.6541  4.6406  4.6224  4.5992  4.5771  4.5559  4.5324  4.5056  4.4742 
 4.4372  4.3952  4.3472  4.2925  4.2306  4.1605  4.0817  3.9942  3.8992 
 3.7954  3.6856  3.5698  3.4484  3.3235  3.1949  3.0652  2.9336  2.8017 
 2.6702  2.5390  2.4100  2.2827  2.1614  2.0448  1.9358  1.8356  1.7445 
 1.6653  1.5979  1.5406  1.4944  1.4571  1.4279  1.4046  1.3872  1.3739 
 1.3621  1.3523  1.3434  1.3348  1.3258  1.3159  1.3046  1.2917  1.2770 
 1.2610  1.2442  1.2267  1.2095  1.1932  1.1775  1.1627  1.1483  1.1339 
 1.1194  1.1045  1.0889  1.0740  1.0598  1.0468  1.0360  1.0276  1.0220 
 1.0194  1.0205  1.0252  1.0338  1.0466  1.0637  1.0849  1.1107  1.1391 
 1.1704  1.2033  1.2366  1.2695  1.3005  1.3285  1.3527  1.3729  1.3894 
 5.1447  5.1392  5.1319  5.1243  5.1266  5.0412  4.9982  4.9745  4.9495 
 4.9228  4.8945  4.8637  4.8291  4.7908  4.7482  4.6852  4.6276  4.5651 
 4.4920  4.4118  4.3246  4.2277  4.1227  4.0118  3.8945  3.7722  3.6456 
 3.5164  3.3847  3.2519  3.1184  2.9851  2.8527  2.7220  2.5943  2.4705 
 2.3521  2.2405  2.1373  2.0438  1.9609  1.8894  1.8291  1.7794  1.7390 
 1.7066  1.6806  1.6595  1.6420  1.6267  1.6128  1.5992  1.5853  1.5707 
 1.5552  1.5388  1.5222  1.5055  1.4893  1.4740  1.4596  1.4459  1.4329 
 1.4203  1.4081  1.3964  1.3856  1.3760  1.3681  1.3622  1.3588  1.3579 
 1.3599  1.3650  1.3734  1.3854  1.4009  1.4198  1.4418  1.4662  1.4921 
 1.5185  1.5443  1.5682  1.5895  1.6077  1.6227  1.6347  1.6440  1.6512 
 1.6565  1.6606  1.6635  1.6657  1.6672  1.6684  1.6692  1.6698  1.6703 
 5.3766  5.3651  5.3503  5.3392  5.3305  5.3109  5.2898  5.2667  5.1584 
 5.0989  5.0446  4.9849  4.9192  4.8475  4.7689  4.6831  4.5874  4.4679 
 4.3579  4.2386  4.1168  3.9902  3.8596  3.7271  3.5938  3.4594  3.3243 
 3.1904  3.0578  2.9278  2.8012  2.6792  2.5632  2.4548  2.3551  2.2656 
 2.1867  2.1187  2.0613  2.0134  1.9737  1.9409  1.9133  1.8896  1.8685 
 1.8489  1.8303  1.8122  1.7947  1.7778  1.7618  1.7469  1.7332  1.7206 
 1.7090  1.6983  1.6885  1.6797  1.6722  1.6662  1.6619  1.6596  1.6594 
 1.6617  1.6665  1.6741  1.6846  1.6979  1.7138  1.7318  1.7511  1.7707 
 1.7898  1.8073  1.8227  1.8357  1.8463  1.8547  1.8612  1.8662  1.8699 
 1.8726  1.8746  1.8761  1.8772  1.8780  1.8786  1.8791  1.8794  1.8797 
 1.8800  1.8803  1.8807  1.8811  1.8816  1.8824  1.8835  1.8850  1.8872 
 5.5540  5.5338  5.5093  5.4819  5.4494  5.4086  5.3782  5.3399  5.2788 
 5.2131  5.0582  4.9556  4.8512  4.7403  4.6251  4.5069  4.3663  4.2300 
 4.0984  3.9615  3.8250  3.6873  3.5507  3.4160  3.2829  3.1527  3.0262 
 2.9046  2.7895  2.6820  2.5832  2.4939  2.4146  2.3455  2.2860  2.2353 
 2.1923  2.1556  2.1239  2.0962  2.0716  2.0497  2.0300  2.0124  1.9968 
 1.9830  1.9709  1.9603  1.9510  1.9430  1.9364  1.9312  1.9276  1.9256 
 1.9255  1.9274  1.9314  1.9378  1.9464  1.9570  1.9694  1.9828  1.9965 
 2.0096  2.0216  2.0320  2.0406  2.0476  2.0530  2.0572  2.0604  2.0628 
 2.0645  2.0659  2.0668  2.0676  2.0682  2.0687  2.0691  2.0696  2.0701 
 2.0707  2.0714  2.0725  2.0740  2.0760  2.0789  2.0830  2.0889  2.0970 
 2.1083  2.1233  2.1423  2.1653  2.1913  2.2190  2.2465  2.2723  2.2952 
 5.6548  5.6194  5.5789  5.5308  5.4753  5.4128  5.3334  5.3060  5.2057 
 5.1018  4.9515  4.7839  4.6493  4.5128  4.3758  4.2408  4.0964  3.9411 
 3.8041  3.6675  3.5292  3.3970  3.2682  3.1455  3.0296  2.9199  2.8180 
 2.7251  2.6412  2.5669  2.5017  2.4452  2.3966  2.3552  2.3199  2.2900 
 2.2645  2.2431  2.2250  2.2099  2.1973  2.1868  2.1782  2.1712  2.1658 
 2.1620  2.1597  2.1591  2.1602  2.1631  2.1678  2.1743  2.1820  2.1904 
 2.1990  2.2072  2.2145  2.2207  2.2258  2.2299  2.2331  2.2355  2.2373 
 2.2387  2.2398  2.2406  2.2413  2.2419  2.2424  2.2431  2.2438  2.2447 
 2.2459  2.2475  2.2498  2.2530  2.2574  2.2635  2.2719  2.2830  2.2973 
 2.3148  2.3351  2.3571  2.3795  2.4010  2.4203  2.4370  2.4506  2.4614 
 2.4697  2.4759  2.4801  2.4830  2.4847  2.4854  2.4851  2.4838  2.4816 
 5.6678  5.6098  5.5443  5.4700  5.3871  5.2959  5.1901  5.0931  5.1230 
 4.8781  4.6812  4.5327  4.3851  4.2394  4.0965  3.9604  3.8015  3.6654 
 3.5358  3.4056  3.2853  3.1680  3.0605  2.9600  2.8682  2.7853  2.7119 
 2.6478  2.5926  2.5459  2.5070  2.4749  2.4486  2.4272  2.4099  2.3960 
 2.3848  2.3760  2.3690  2.3638  2.3602  2.3582  2.3577  2.3586  2.3607 
 2.3637  2.3671  2.3705  2.3738  2.3767  2.3791  2.3810  2.3825  2.3837 
 2.3847  2.3854  2.3860  2.3866  2.3871  2.3877  2.3884  2.3893  2.3905 
 2.3921  2.3943  2.3973  2.4015  2.4072  2.4149  2.4249  2.4373  2.4520 
 2.4685  2.4856  2.5025  2.5181  2.5317  2.5431  2.5521  2.5591  2.5641 
 2.5677  2.5698  2.5709  2.5709  2.5699  2.5679  2.5649  2.5609  2.5560 
 2.5502  2.5438  2.5371  2.5304  2.5241  2.5183  2.5131  2.5086  2.5047 
 5.5873  5.5038  5.4118  5.3113  5.2043  5.0894  4.9720  4.8093  4.9750 
 4.6991  4.4312  4.2642  4.1172  3.9744  3.8390  3.7106  3.5666  3.4360 
 3.3205  3.2080  3.1036  3.0089  2.9241  2.8503  2.7867  2.7326  2.6878 
 2.6512  2.6217  2.5980  2.5791  2.5641  2.5521  2.5428  2.5356  2.5303 
 2.5268  2.5246  2.5236  2.5234  2.5237  2.5242  2.5249  2.5255  2.5260 
 2.5265  2.5269  2.5273  2.5276  2.5280  2.5284  2.5289  2.5295  2.5304 
 2.5315  2.5332  2.5354  2.5384  2.5426  2.5481  2.5552  2.5638  2.5736 
 2.5842  2.5949  2.6050  2.6140  2.6216  2.6276  2.6321  2.6353  2.6373 
 2.6381  2.6378  2.6365  2.6342  2.6308  2.6264  2.6210  2.6147  2.6080 
 2.6010  2.5941  2.5876  2.5816  2.5762  2.5713  2.5667  2.5621  2.5572 
 2.5515  2.5445  2.5355  2.5238  2.5084  2.4883  2.4622  2.4290  2.3876 
 5.4256  5.3202  5.2086  5.0912  4.9687  4.8433  4.7164  4.5421  4.6557 
 4.6292  4.1999  4.0151  3.8744  3.7392  3.6127  3.4871  3.3565  3.2503 
 3.1529  3.0630  2.9872  2.9208  2.8665  2.8215  2.7850  2.7556  2.7321 
 2.7133  2.6984  2.6868  2.6777  2.6709  2.6659  2.6622  2.6596  2.6577 
 2.6564  2.6555  2.6548  2.6544  2.6541  2.6539  2.6539  2.6539  2.6540 
 2.6542  2.6546  2.6552  2.6561  2.6574  2.6593  2.6619  2.6653  2.6694 
 2.6740  2.6788  2.6835  2.6878  2.6913  2.6940  2.6958  2.6968  2.6968 
 2.6959  2.6940  2.6910  2.6871  2.6821  2.6761  2.6694  2.6622  2.6549 
 2.6477  2.6408  2.6344  2.6284  2.6226  2.6168  2.6103  2.6028  2.5937 
 2.5819  2.5667  2.5471  2.5219  2.4901  2.4508  2.4037  2.3491  2.2879 
 2.2222  2.1544  2.0874  2.0239  1.9664  1.9165  1.8751  1.8423  1.8178 
 5.2135  5.0951  4.9737  4.8493  4.7223  4.5939  4.4644  4.3390  4.1853 
 4.6298  3.9583  3.7843  3.6518  3.5282  3.4137  3.3133  3.2045  3.1227 
 3.0536  2.9926  2.9440  2.9040  2.8720  2.8467  2.8266  2.8108  2.7986 
 2.7892  2.7821  2.7768  2.7728  2.7698  2.7676  2.7659  2.7646  2.7635 
 2.7626  2.7617  2.7608  2.7598  2.7587  2.7576  2.7563  2.7551  2.7539 
 2.7530  2.7522  2.7517  2.7513  2.7509  2.7503  2.7496  2.7484  2.7467 
 2.7444  2.7412  2.7372  2.7321  2.7262  2.7193  2.7118  2.7040  2.6961 
 2.6884  2.6810  2.6739  2.6670  2.6597  2.6517  2.6423  2.6309  2.6164 
 2.5979  2.5744  2.5451  2.5093  2.4669  2.4184  2.3651  2.3091  2.2527 
 2.1987  2.1491  2.1056  2.0692  2.0402  2.0182  2.0026  1.9929  1.9884 
 1.9882  1.9918  1.9982  2.0066  2.0160  2.0256  2.0345  2.0421  2.0483 
 4.9833  4.8599  4.7349  4.6083  4.4803  4.3514  4.2219  4.0952  3.8955 
 4.3294  3.8755  3.5740  3.4581  3.3543  3.2652  3.1775  3.1070  3.0524 
 3.0057  2.9690  2.9396  2.9169  2.8995  2.8862  2.8761  2.8685  2.8627 
 2.8582  2.8547  2.8517  2.8490  2.8464  2.8437  2.8406  2.8371  2.8332 
 2.8289  2.8242  2.8194  2.8147  2.8102  2.8060  2.8022  2.7985  2.7950 
 2.7912  2.7871  2.7824  2.7769  2.7705  2.7633  2.7555  2.7472  2.7387 
 2.7303  2.7220  2.7139  2.7057  2.6971  2.6875  2.6761  2.6624  2.6452 
 2.6238  2.5975  2.5657  2.5287  2.4871  2.4424  2.3965  2.3515  2.3096 
 2.2722  2.2404  2.2146  2.1946  2.1801  2.1704  2.1650  2.1632  2.1643 
 2.1676  2.1723  2.1778  2.1833  2.1885  2.1930  2.1968  2.1997  2.2020 
 2.2037  2.2050  2.2059  2.2065  2.2069  2.2072  2.2074  2.2076  2.2076 
 4.7509  4.6244  4.4972  4.3694  4.2410  4.1135  3.9872  3.8635  3.7048 
 3.8902  3.8282  3.4027  3.3103  3.2309  3.1658  3.1087  3.0598  3.0259 
 2.9990  2.9780  2.9624  2.9503  2.9411  2.9337  2.9273  2.9216  2.9160 
 2.9101  2.9037  2.8967  2.8892  2.8813  2.8732  2.8652  2.8578  2.8508 
 2.8443  2.8381  2.8321  2.8258  2.8190  2.8117  2.8037  2.7951  2.7860 
 2.7768  2.7676  2.7584  2.7493  2.7399  2.7298  2.7185  2.7052  2.6892 
 2.6697  2.6462  2.6185  2.5869  2.5521  2.5157  2.4793  2.4447  2.4133 
 2.3860  2.3634  2.3454  2.3319  2.3223  2.3162  2.3130  2.3121  2.3128 
 2.3148  2.3173  2.3201  2.3228  2.3254  2.3276  2.3296  2.3312  2.3326 
 2.3336  2.3345  2.3351  2.3356  2.3359  2.3362  2.3363  2.3363  2.3362 
 2.3360  2.3356  2.3350  2.3341  2.3327  2.3308  2.3280  2.3241  2.3188 
 4.5167  4.3888  4.2615  4.1357  4.0111  3.8895  3.7728  3.6651  3.5595 
 3.4741  3.8242  3.2886  3.2133  3.1596  3.1170  3.0795  3.0540  3.0342 
 3.0180  3.0051  2.9937  2.9833  2.9731  2.9627  2.9520  2.9409  2.9299 
 2.9191  2.9088  2.8992  2.8901  2.8814  2.8728  2.8640  2.8548  2.8451 
 2.8349  2.8244  2.8139  2.8033  2.7929  2.7824  2.7715  2.7597  2.7464 
 2.7309  2.7126  2.6914  2.6670  2.6400  2.6113  2.5821  2.5538  2.5277 
 2.5046  2.4850  2.4690  2.4564  2.4468  2.4399  2.4352  2.4321  2.4304 
 2.4296  2.4294  2.4295  2.4299  2.4304  2.4309  2.4314  2.4318  2.4322 
 2.4325  2.4327  2.4329  2.4330  2.4330  2.4329  2.4327  2.4325  2.4320 
 2.4314  2.4304  2.4289  2.4268  2.4239  2.4201  2.4151  2.4090  2.4020 
 2.3945  2.3869  2.3799  2.3739  2.3695  2.3668  2.3663  2.3680  2.3723 
 4.2857  4.1600  4.0371  3.9179  3.8024  3.6925  3.5903  3.5000  3.4169 
 3.2936  3.5966  3.2899  3.1710  3.1371  3.1102  3.0861  3.0669  3.0503 
 3.0343  3.0192  3.0047  2.9907  2.9774  2.9647  2.9525  2.9407  2.9289 
 2.9168  2.9043  2.8913  2.8780  2.8646  2.8513  2.8382  2.8254  2.8127 
 2.7995  2.7853  2.7696  2.7520  2.7325  2.7110  2.6881  2.6649  2.6422 
 2.6210  2.6020  2.5855  2.5718  2.5605  2.5516  2.5446  2.5392  2.5351 
 2.5320  2.5296  2.5278  2.5264  2.5253  2.5245  2.5238  2.5233  2.5229 
 2.5225  2.5223  2.5220  2.5218  2.5216  2.5213  2.5209  2.5204  2.5196 
 2.5185  2.5169  2.5146  2.5116  2.5077  2.5031  2.4979  2.4925  2.4873 
 2.4827  2.4791  2.4770  2.4765  2.4778  2.4812  2.4867  2.4945  2.5045 
 2.5165  2.5301  2.5445  2.5591  2.5730  2.5855  2.5963  2.6052  2.6124 
 4.0698  3.9521  3.8395  3.7334  3.6346  3.5451  3.4650  3.3966  3.3419 
 3.2577  3.3883  3.3194  3.1743  3.1492  3.1264  3.1058  3.0876  3.0702 
 3.0536  3.0373  3.0208  3.0037  2.9859  2.9673  2.9482  2.9289  2.9099 
 2.8915  2.8739  2.8570  2.8404  2.8237  2.8065  2.7884  2.7695  2.7500 
 2.7305  2.7117  2.6942  2.6784  2.6646  2.6528  2.6428  2.6345  2.6275 
 2.6217  2.6169  2.6127  2.6092  2.6062  2.6036  2.6014  2.5995  2.5979 
 2.5967  2.5956  2.5948  2.5941  2.5935  2.5929  2.5922  2.5914  2.5903 
 2.5888  2.5867  2.5840  2.5807  2.5769  2.5728  2.5686  2.5647  2.5615 
 2.5593  2.5582  2.5585  2.5602  2.5635  2.5682  2.5744  2.5818  2.5900 
 2.5985  2.6069  2.6147  2.6215  2.6273  2.6320  2.6357  2.6385  2.6406 
 2.6421  2.6431  2.6437  2.6440  2.6441  2.6440  2.6438  2.6435  2.6431 
 3.8904  3.7891  3.6965  3.6133  3.5397  3.4759  3.4223  3.3778  3.3367 
 3.2916  3.2864  3.3482  3.2164  3.1934  3.1701  3.1455  3.1205  3.0938 
 3.0655  3.0364  3.0070  2.9782  2.9507  2.9250  2.9010  2.8786  2.8572 
 2.8367  2.8167  2.7975  2.7792  2.7622  2.7466  2.7327  2.7206  2.7101 
 2.7010  2.6931  2.6862  2.6801  2.6748  2.6701  2.6659  2.6622  2.6591 
 2.6564  2.6543  2.6525  2.6511  2.6499  2.6490  2.6481  2.6471  2.6460 
 2.6446  2.6428  2.6404  2.6376  2.6343  2.6308  2.6273  2.6239  2.6209 
 2.6184  2.6165  2.6151  2.6143  2.6139  2.6140  2.6143  2.6148  2.6155 
 2.6161  2.6168  2.6173  2.6177  2.6180  2.6182  2.6183  2.6183  2.6181 
 2.6179  2.6176  2.6173  2.6169  2.6164  2.6160  2.6157  2.6154  2.6151 
 2.6149  2.6148  2.6147  2.6146  2.6146  2.6147  2.6147  2.6148  2.6149 
 3.7834  3.7086  3.6433  3.5870  3.5381  3.4957  3.4583  3.4252  3.3930 
 3.3576  3.3185  3.3515  3.2627  3.2130  3.1709  3.1280  3.0855  3.0443 
 3.0057  2.9702  2.9379  2.9086  2.8820  2.8579  2.8361  2.8166  2.7992 
 2.7839  2.7704  2.7587  2.7484  2.7393  2.7312  2.7240  2.7174  2.7116 
 2.7064  2.7020  2.6982  2.6951  2.6926  2.6906  2.6890  2.6876  2.6864 
 2.6850  2.6835  2.6815  2.6792  2.6764  2.6731  2.6696  2.6658  2.6619 
 2.6579  2.6538  2.6494  2.6447  2.6398  2.6345  2.6292  2.6239  2.6189 
 2.6144  2.6104  2.6071  2.6045  2.6023  2.6006  2.5992  2.5980  2.5971 
 2.5963  2.5956  2.5950  2.5945  2.5941  2.5937  2.5935  2.5933  2.5932 
 2.5932  2.5932  2.5933  2.5934  2.5936  2.5937  2.5940  2.5942  2.5944 
 2.5945  2.5947  2.5948  2.5949  2.5950  2.5951  2.5951  2.5951  2.5952 
 3.7742  3.7232  3.6775  3.6352  3.5944  3.5534  3.5107  3.4656  3.4149 
 3.3608  3.2972  3.2867  3.2160  3.1337  3.0811  3.0329  2.9896  2.9511 
 2.9173  2.8878  2.8622  2.8402  2.8212  2.8048  2.7906  2.7781  2.7671 
 2.7573  2.7485  2.7407  2.7339  2.7281  2.7233  2.7194  2.7163  2.7137 
 2.7116  2.7097  2.7078  2.7057  2.7033  2.7003  2.6968  2.6927  2.6880 
 2.6826  2.6765  2.6694  2.6614  2.6524  2.6425  2.6321  2.6215  2.6114 
 2.6020  2.5938  2.5868  2.5810  2.5764  2.5727  2.5697  2.5673  2.5654 
 2.5638  2.5625  2.5615  2.5607  2.5601  2.5596  2.5594  2.5592  2.5592 
 2.5593  2.5595  2.5597  2.5600  2.5603  2.5607  2.5610  2.5613  2.5615 
 2.5617  2.5619  2.5620  2.5621  2.5622  2.5622  2.5623  2.5623  2.5623 
 2.5624  2.5624  2.5624  2.5624  2.5624  2.5624  2.5624  2.5624  2.5624 
 3.8177  3.7684  3.7168  3.6616  3.6018  3.5373  3.4687  3.3974  3.3250 
 3.2524  3.1793  3.1389  3.1393  3.0108  2.9654  2.9265  2.8933  2.8650 
 2.8410  2.8205  2.8029  2.7876  2.7744  2.7628  2.7529  2.7446  2.7377 
 2.7321  2.7276  2.7240  2.7208  2.7179  2.7150  2.7117  2.7079  2.7033 
 2.6978  2.6912  2.6833  2.6739  2.6629  2.6504  2.6365  2.6218  2.6068 
 2.5923  2.5789  2.5671  2.5571  2.5488  2.5421  2.5368  2.5326  2.5293 
 2.5267  2.5246  2.5230  2.5218  2.5209  2.5203  2.5199  2.5197  2.5196 
 2.5196  2.5197  2.5198  2.5200  2.5201  2.5203  2.5204  2.5205  2.5206 
 2.5206  2.5207  2.5207  2.5208  2.5208  2.5208  2.5209  2.5209  2.5209 
 2.5209  2.5209  2.5209  2.5209  2.5209  2.5209  2.5209  2.5209  2.5209 
 2.5209  2.5209  2.5209  2.5209  2.5209  2.5209  2.5209  2.5209  2.5209 
 3.8134  3.7405  3.6623  3.5800  3.4948  3.4091  3.3249  3.2446  3.1680 
 3.0988  3.0371  2.9727  3.0651  2.9123  2.8626  2.8337  2.8090  2.7880 
 2.7703  2.7554  2.7431  2.7331  2.7251  2.7185  2.7130  2.7081  2.7033 
 2.6982  2.6924  2.6857  2.6775  2.6678  2.6562  2.6426  2.6271  2.6102 
 2.5923  2.5743  2.5571  2.5415  2.5278  2.5163  2.5068  2.4992  2.4931 
 2.4884  2.4847  2.4818  2.4797  2.4781  2.4769  2.4762  2.4757  2.4755 
 2.4754  2.4755  2.4756  2.4758  2.4759  2.4761  2.4762  2.4763  2.4764 
 2.4765  2.4766  2.4767  2.4767  2.4767  2.4768  2.4768  2.4768  2.4768 
 2.4768  2.4769  2.4769  2.4769  2.4769  2.4769  2.4769  2.4769  2.4769 
 2.4769  2.4769  2.4769  2.4769  2.4769  2.4769  2.4769  2.4769  2.4769 
 2.4769  2.4769  2.4769  2.4769  2.4769  2.4769  2.4769  2.4769  2.4769 
 3.7033  3.6063  3.5085  3.4121  3.3189  3.2310  3.1497  3.0765  3.0103 
 2.9524  2.9024  2.8421  2.9304  2.8430  2.7675  2.7467  2.7298  2.7162 
 2.7051  2.6957  2.6873  2.6791  2.6706  2.6611  2.6502  2.6375  2.6226 
 2.6056  2.5868  2.5667  2.5462  2.5263  2.5078  2.4914  2.4773  2.4657 
 2.4563  2.4488  2.4429  2.4384  2.4349  2.4324  2.4306  2.4294  2.4286 
 2.4282  2.4280  2.4280  2.4281  2.4282  2.4283  2.4285  2.4287  2.4288 
 2.4289  2.4290  2.4291  2.4292  2.4292  2.4293  2.4293  2.4293  2.4293 
 2.4294  2.4294  2.4294  2.4294  2.4294  2.4294  2.4294  2.4294  2.4294 
 2.4294  2.4295  2.4295  2.4295  2.4295  2.4294  2.4294  2.4294  2.4294 
 2.4294  2.4294  2.4294  2.4294  2.4294  2.4294  2.4294  2.4294  2.4294 
 2.4294  2.4294  2.4294  2.4294  2.4294  2.4294  2.4294  2.4294  2.4294 
 3.5213  3.4160  3.3151  3.2201  3.1324  3.0529  2.9821  2.9195  2.8652 
 2.8194  2.7811  2.7401  2.7670  2.7791  2.6856  2.6704  2.6564  2.6425 
 2.6279  2.6120  2.5941  2.5743  2.5527  2.5300  2.5070  2.4849  2.4645 
 2.4465  2.4311  2.4183  2.4080  2.3999  2.3936  2.3888  2.3853  2.3828 
 2.3811  2.3800  2.3794  2.3791  2.3790  2.3790  2.3791  2.3792  2.3794 
 2.3795  2.3797  2.3798  2.3799  2.3800  2.3801  2.3801  2.3802  2.3802 
 2.3802  2.3803  2.3803  2.3803  2.3803  2.3803  2.3803  2.3803  2.3803 
 2.3804  2.3804  2.3804  2.3803  2.3803  2.3803  2.3803  2.3803  2.3803 
 2.3803  2.3803  2.3803  2.3803  2.3802  2.3802  2.3802  2.3802  2.3802 
 2.3802  2.3802  2.3802  2.3802  2.3802  2.3802  2.3802  2.3802  2.3802 
 2.3802  2.3802  2.3802  2.3802  2.3802  2.3802  2.3802  2.3802  2.3802 
 3.3187  3.2161  3.1211  3.0344  2.9570  2.8892  2.8307  2.7817  2.7399 
 2.7055  2.6765  2.6512  2.6254  2.6823  2.5862  2.5593  2.5345  2.5088 
 2.4828  2.4575  2.4339  2.4128  2.3945  2.3792  2.3667  2.3568  2.3491 
 2.3434  2.3391  2.3361  2.3341  2.3328  2.3321  2.3317  2.3315  2.3315 
 2.3316  2.3317  2.3318  2.3319  2.3320  2.3321  2.3322  2.3323  2.3324 
 2.3324  2.3324  2.3325  2.3325  2.3325  2.3326  2.3326  2.3326  2.3326 
 2.3326  2.3326  2.3326  2.3326  2.3326  2.3325  2.3325  2.3325  2.3325 
 2.3325  2.3324  2.3324  2.3324  2.3324  2.3324  2.3324  2.3324  2.3324 
 2.3324  2.3324  2.3324  2.3324  2.3323  2.3323  2.3323  2.3323  2.3323 
 2.3323  2.3323  2.3323  2.3323  2.3323  2.3323  2.3323  2.3323  2.3323 
 2.3323  2.3323  2.3323  2.3323  2.3323  2.3323  2.3323  2.3323  2.3323 
 3.1190  3.0247  2.9402  2.8658  2.8014  2.7462  2.6990  2.6572  2.6199 
 2.5855  2.5524  2.5200  2.4815  2.5058  2.4418  2.4009  2.3771  2.3566 
 2.3396  2.3259  2.3151  2.3068  2.3007  2.2963  2.2932  2.2912  2.2899 
 2.2891  2.2886  2.2884  2.2884  2.2884  2.2884  2.2885  2.2886  2.2886 
 2.2887  2.2888  2.2888  2.2888  2.2889  2.2889  2.2889  2.2890  2.2890 
 2.2890  2.2890  2.2890  2.2889  2.2889  2.2889  2.2889  2.2888  2.2888 
 2.2887  2.2887  2.2887  2.2887  2.2886  2.2886  2.2886  2.2886  2.2886 
 2.2886  2.2886  2.2886  2.2886  2.2886  2.2886  2.2886  2.2886  2.2886 
 2.2886  2.2886  2.2886  2.2886  2.2886  2.2886  2.2886  2.2886  2.2886 
 2.2886  2.2886  2.2886  2.2886  2.2886  2.2886  2.2886  2.2886  2.2886 
 2.2886  2.2886  2.2886  2.2886  2.2886  2.2886  2.2886  2.2886  2.2886 
 2.9378  2.8555  2.7826  2.7181  2.6608  2.6088  2.5611  2.5163  2.4744 
 2.4360  2.4012  2.3706  2.3398  2.3444  2.3259  2.2907  2.2801  2.2722 
 2.2665  2.2625  2.2597  2.2579  2.2567  2.2559  2.2555  2.2552  2.2551 
 2.2550  2.2550  2.2550  2.2550  2.2550  2.2551  2.2551  2.2551  2.2551 
 2.2551  2.2551  2.2551  2.2551  2.2551  2.2550  2.2550  2.2549  2.2548 
 2.2548  2.2547  2.2547  2.2547  2.2546  2.2546  2.2546  2.2546  2.2546 
 2.2545  2.2545  2.2545  2.2545  2.2545  2.2545  2.2545  2.2545  2.2545 
 2.2545  2.2545  2.2545  2.2545  2.2545  2.2545  2.2545  2.2545  2.2545 
 2.2545  2.2545  2.2545  2.2545  2.2545  2.2545  2.2545  2.2545  2.2545 
 2.2545  2.2545  2.2545  2.2545  2.2545  2.2545  2.2545  2.2545  2.2545 
 2.2545  2.2545  2.2545  2.2545  2.2545  2.2545  2.2545  2.2545  2.2545 
 2.7705  2.6949  2.6262  2.5639  2.5075  2.4537  2.4269  2.5073  2.3412 
 2.3146  2.2935  2.2771  2.2647  2.2555  2.2488  2.2442  2.2409  2.2386 
 2.2371  2.2360  2.2353  2.2348  2.2345  2.2343  2.2342  2.2341  2.2340 
 2.2340  2.2340  2.2339  2.2339  2.2339  2.2338  2.2337  2.2337  2.2336 
 2.2335  2.2334  2.2333  2.2333  2.2332  2.2332  2.2331  2.2331  2.2331 
 2.2331  2.2331  2.2331  2.2330  2.2330  2.2330  2.2330  2.2330  2.2330 
 2.2330  2.2330  2.2330  2.2330  2.2330  2.2330  2.2330  2.2330  2.2330 
 2.2330  2.2330  2.2330  2.2330  2.2330  2.2330  2.2330  2.2330  2.2330 
 2.2330  2.2330  2.2330  2.2330  2.2330  2.2330  2.2330  2.2330  2.2330 
 2.2330  2.2330  2.2330  2.2330  2.2330  2.2330  2.2330  2.2330  2.2330 
 2.2330  2.2330  2.2330  2.2330  2.2330  2.2330  2.2330  2.2330  2.2330 
 2.3664  2.3466  2.3320  2.3213  2.3135  2.3078  2.3036  2.2997  2.3139 
 2.2978  2.2955  2.2946  2.2939  2.2934  2.2930  2.2927  2.2925  2.2923 
 2.2922  2.2921  2.2921  2.2920  2.2920  2.2920  2.2920  2.2920  2.2919 
 2.2919  2.2919  2.2919  2.2919  2.2919  2.2919  2.2919  2.2919  2.2919 
 2.2919  2.2919  2.2919  2.2919  2.2919  2.2919  2.2919  2.2919  2.2919 
 2.2919  2.2919  2.2919  2.2919  2.2919  2.2919  2.2919  2.2919  2.2919 
 2.2919  2.2919  2.2919  2.2919  2.2919  2.2919  2.2919  2.2919  2.2919 
 2.2919  2.2919  2.2919  2.2919  2.2919  2.2919  2.2919  2.2919  2.2919 
 2.2919  2.2919  2.2919  2.2919  2.2919  2.2919  2.2919  2.2919  2.2919 
 2.2919  2.2919  2.2919  2.2919  2.2919  2.2919  2.2919  2.2919  2.2919 
 2.2919  2.2919  2.2919  2.2919  2.2919  2.2919  2.2919  2.2919  2.2919 
 2.3710  2.3690  2.3678  2.3669  2.3662  2.3657  2.3654  2.3651  2.3648 
 2.3659  2.3650  2.3647  2.3646  2.3646  2.3646  2.3646  2.3646  2.3646 
 2.3646  2.3645  2.3645  2.3645  2.3645  2.3645  2.3645  2.3645  2.3645 
 2.3645  2.3645  2.3645  2.3645  2.3645  2.3645  2.3645  2.3645  2.3645 
 2.3645  2.3645  2.3645  2.3645  2.3645  2.3645  2.3645  2.3645  2.3645 
 2.3645  2.3645  2.3645  2.3645  2.3645  2.3645  2.3645  2.3645  2.3645 
 2.3645  2.3645  2.3645  2.3645  2.3645  2.3645  2.3645  2.3645  2.3645 
 2.3645  2.3645  2.3645  2.3645  2.3645  2.3645  2.3645  2.3645  2.3645 
 2.3645  2.3645  2.3645  2.3645  2.3645  2.3645  2.3645  2.3645  2.3645 
 2.3645  2.3645  2.3645  2.3645  2.3645  2.3645  2.3645  2.3645  2.3645 
 2.3645  2.3645  2.3645  2.3645  2.3645  2.3645  2.3645  2.3645  2.3645 
 2.2439  2.2440  2.2440  2.2439  2.2439  2.2438  2.2438  2.2438  2.2438 
 2.2438  2.2439  2.2438  2.2438  2.2438  2.2438  2.2438  2.2438  2.2438 
 2.2438  2.2438  2.2438  2.2438  2.2438  2.2438  2.2438  2.2438  2.2438 
 2.2438  2.2438  2.2438  2.2438  2.2438  2.2438  2.2438  2.2438  2.2438 
 2.2438  2.2438  2.2438  2.2438  2.2438  2.2438  2.2438  2.2438  2.2438 
 2.2438  2.2438  2.2438  2.2438  2.2438  2.2438  2.2438  2.2438  2.2438 
 2.2438  2.2438  2.2438  2.2438  2.2438  2.2438  2.2438  2.2438  2.2438 
 2.2438  2.2438  2.2438  2.2438  2.2438  2.2438  2.2438  2.2438  2.2438 
 2.2438  2.2438  2.2438  2.2438  2.2438  2.2438  2.2438  2.2438  2.2438 
 2.2438  2.2438  2.2438  2.2438  2.2438  2.2438  2.2438  2.2438  2.2438 
 2.2438  2.2438  2.2438  2.2438  2.2438  2.2438  2.2438  2.2438  2.2438 
 1.9267  1.9269  1.9271  1.9272  1.9273  1.9274  1.9274  1.9274  1.9274 
 1.9275  1.9275  1.9275  1.9275  1.9275  1.9275  1.9275  1.9275  1.9275 
 1.9275  1.9275  1.9275  1.9275  1.9275  1.9275  1.9275  1.9275  1.9275 
 1.9275  1.9275  1.9275  1.9275  1.9275  1.9275  1.9275  1.9275  1.9275 
 1.9275  1.9275  1.9275  1.9275  1.9275  1.9275  1.9275  1.9275  1.9275 
 1.9275  1.9275  1.9275  1.9275  1.9275  1.9275  1.9275  1.9275  1.9275 
 1.9275  1.9275  1.9275  1.9275  1.9275  1.9275  1.9275  1.9275  1.9275 
 1.9275  1.9275  1.9275  1.9275  1.9275  1.9275  1.9275  1.9275  1.9275 
 1.9275  1.9275  1.9275  1.9275  1.9275  1.9275  1.9275  1.9275  1.9275 
 1.9275  1.9275  1.9275  1.9275  1.9275  1.9275  1.9275  1.9275  1.9275 
 1.9275  1.9275  1.9275  1.9275  1.9275  1.9275  1.9275  1.9275  1.9275 
 1.4605  1.4610  1.4612  1.4614  1.4615  1.4615  1.4613  1.4612  1.4614 
 1.4616  1.4616  1.4616  1.4616  1.4616  1.4616  1.4616  1.4616  1.4616 
 1.4616  1.4616  1.4616  1.4616  1.4616  1.4616  1.4616  1.4616  1.4616 
 1.4616  1.4616  1.4616  1.4616  1.4616  1.4616  1.4616  1.4616  1.4616 
 1.4616  1.4616  1.4616  1.4616  1.4616  1.4616  1.4616  1.4616  1.4616 
 1.4616  1.4616  1.4616  1.4616  1.4616  1.4616  1.4616  1.4616  1.4616 
 1.4616  1.4616  1.4616  1.4616  1.4616  1.4616  1.4616  1.4616  1.4616 
 1.4616  1.4616  1.4616  1.4616  1.4616  1.4616  1.4616  1.4616  1.4616 
 1.4616  1.4616  1.4616  1.4616  1.4616  1.4616  1.4616  1.4616  1.4616 
 1.4616  1.4616  1.4616  1.4616  1.4616  1.4616  1.4616  1.4616  1.4616 
 1.4616  1.4616  1.4616  1.4616  1.4616  1.4616  1.4616  1.4616  1.4616 
 0.8914  0.8914  0.8916  0.8917  0.8918  0.8916  0.8914  0.8916  0.8919 
 0.8920  0.8920  0.8920  0.8920  0.8920  0.8920  0.8920  0.8920  0.8920 
 0.8920  0.8920  0.8920  0.8920  0.8920  0.8920  0.8920  0.8920  0.8920 
 0.8920  0.8920  0.8920  0.8920  0.8920  0.8920  0.8920  0.8920  0.8920 
 0.8920  0.8920  0.8920  0.8920  0.8920  0.8920  0.8920  0.8920  0.8920 
 0.8920  0.8920  0.8920  0.8920  0.8920  0.8920  0.8920  0.8920  0.8920 
 0.8920  0.8920  0.8920  0.8920  0.8920  0.8920  0.8920  0.8920  0.8920 
 0.8920  0.8920  0.8920  0.8920  0.8920  0.8920  0.8920  0.8920  0.8920 
 0.8920  0.8920  0.8920  0.8920  0.8920  0.8920  0.8920  0.8920  0.8920 
 0.8920  0.8920  0.8920  0.8920  0.8920  0.8920  0.8920  0.8920  0.8920 
 0.8920  0.8920  0.8920  0.8920  0.8920  0.8920  0.8920  0.8920  0.8920 
