 1.0000E-06
 7.1969E-07
 5.1795E-07
 3.7276E-07
 2.6827E-07
 1.9307E-07
 1.3895E-07
 1.0000E-07
 7.1969E-08
 5.1795E-08
 3.7276E-08
 2.6827E-08
 1.9307E-08
 1.3895E-08
 1.0000E-08
 7.1969E-09
 5.1795E-09
 3.7276E-09
 2.6827E-09
 1.9307E-09
 1.3895E-09
 1.0000E-09
 7.1969E-10
 5.1795E-10
 3.7276E-10
 2.6827E-10
 1.9307E-10
 1.3895E-10
 1.0000E-10
 7.1969E-11
 5.1795E-11
 3.7276E-11
 2.6827E-11
 1.9307E-11
 1.3895E-11
 1.0000E-11
 7.1969E-12
 5.1795E-12
 3.7276E-12
 2.6827E-12
 1.9307E-12
 1.3895E-12
 1.0000E-12
 7.1969E-13
 5.1795E-13
 3.7276E-13
 2.6827E-13
 1.9307E-13
 1.3895E-13
 1.0000E-13
 7.1969E-14
 5.1795E-14
 3.7276E-14
 2.6827E-14
 1.9307E-14
 1.3895E-14
 1.0000E-14
 7.1969E-15
 5.1795E-15
 3.7276E-15
 2.6827E-15
 1.9307E-15
 1.3895E-15
 1.0000E-15
 7.1969E-16
 5.1795E-16
 3.7276E-16
 2.6827E-16
 1.9307E-16
 1.3895E-16
 1.0000E-16
 7.1969E-17
 5.1795E-17
 3.7276E-17
 2.6827E-17
 1.9307E-17
 1.3895E-17
 1.0000E-17
 7.1969E-18
 5.1795E-18
 3.7276E-18
 2.6827E-18
 1.9307E-18
 1.3895E-18
 1.0000E-18
 7.1969E-19
 5.1795E-19
 3.7276E-19
 2.6827E-19
 1.9307E-19
 1.3895E-19
 1.0000E-19
 7.1969E-20
 5.1795E-20
 3.7276E-20
 2.6827E-20
 1.9307E-20
 1.3895E-20
 1.0000E-20
 