-2.9441 -3.0347 -3.1507 -3.3028 -3.4143 -3.5197 -3.6256 -3.7474 -3.9134 
-4.0612 -4.1777 -4.2830 -4.3862 -4.4781 -4.5650 -4.6466 -4.7235 -4.7955 
-4.8628 -4.9258 -4.9846 -5.0401 -5.0920 -5.1410 -5.1875 -5.2316 -5.2738 
-5.3142 -5.3533 -5.3909 -5.4272 -5.4624 -5.4963 -5.5290 -5.5605 -5.5906 
-5.6193 -5.6466 -5.6724 -5.6966 -5.7191 -5.7401 -5.7594 -5.7770 -5.7930 
-5.8074 -5.8202 -5.8314 -5.8411 -5.8495 -5.8565 -5.8623 -5.8670 -5.8707 
-5.8736 -5.8758 -5.8775 -5.8788 -5.8797 -5.8805 -5.8810 -5.8813 -5.8816 
-5.8818 -5.8819 -5.8820 -5.8821 -5.8822 -5.8822 -5.8822 -5.8822 -5.8822 
-5.8823 -5.8823 -5.8823 -5.8823 -5.8823 -5.8823 -5.8824 -5.8824 -5.8825 
-5.8825 -5.8826 -5.8827 -5.8829 -5.8830 -5.8831 -5.8832 -5.8833 -5.8833 
-5.8833 -5.8833 -5.8832 -5.8831 -5.8828 -5.8825 -5.8821 -5.8818 -5.8809 
-2.7930 -2.9041 -3.0210 -3.1428 -3.2486 -3.3505 -3.4544 -3.5686 -3.7109 
-3.8505 -3.9663 -4.0666 -4.1650 -4.2556 -4.3410 -4.4216 -4.4975 -4.5686 
-4.6349 -4.6968 -4.7540 -4.8076 -4.8573 -4.9037 -4.9471 -4.9876 -5.0258 
-5.0617 -5.0960 -5.1286 -5.1598 -5.1896 -5.2182 -5.2457 -5.2719 -5.2970 
-5.3209 -5.3436 -5.3649 -5.3850 -5.4037 -5.4211 -5.4371 -5.4517 -5.4650 
-5.4770 -5.4876 -5.4969 -5.5049 -5.5118 -5.5175 -5.5223 -5.5261 -5.5291 
-5.5314 -5.5331 -5.5345 -5.5356 -5.5363 -5.5369 -5.5373 -5.5376 -5.5378 
-5.5380 -5.5381 -5.5382 -5.5383 -5.5383 -5.5384 -5.5385 -5.5385 -5.5386 
-5.5387 -5.5389 -5.5390 -5.5392 -5.5395 -5.5397 -5.5400 -5.5402 -5.5405 
-5.5407 -5.5410 -5.5412 -5.5414 -5.5416 -5.5418 -5.5419 -5.5420 -5.5421 
-5.5421 -5.5421 -5.5420 -5.5419 -5.5418 -5.5416 -5.5413 -5.5413 -5.5408 
-2.6525 -2.7680 -2.8906 -2.9974 -3.0917 -3.1883 -3.2914 -3.4009 -3.5250 
-3.6542 -3.7657 -3.8630 -3.9549 -4.0412 -4.1228 -4.1998 -4.2722 -4.3401 
-4.4035 -4.4624 -4.5169 -4.5675 -4.6144 -4.6577 -4.6979 -4.7351 -4.7696 
-4.8016 -4.8317 -4.8600 -4.8865 -4.9116 -4.9352 -4.9576 -4.9787 -4.9987 
-5.0176 -5.0353 -5.0520 -5.0675 -5.0819 -5.0952 -5.1075 -5.1186 -5.1287 
-5.1376 -5.1456 -5.1525 -5.1583 -5.1634 -5.1675 -5.1709 -5.1736 -5.1758 
-5.1774 -5.1786 -5.1796 -5.1803 -5.1809 -5.1813 -5.1816 -5.1818 -5.1820 
-5.1822 -5.1824 -5.1825 -5.1827 -5.1829 -5.1831 -5.1834 -5.1837 -5.1840 
-5.1843 -5.1846 -5.1850 -5.1853 -5.1856 -5.1859 -5.1862 -5.1865 -5.1867 
-5.1869 -5.1871 -5.1873 -5.1874 -5.1875 -5.1876 -5.1877 -5.1877 -5.1877 
-5.1877 -5.1877 -5.1877 -5.1876 -5.1875 -5.1874 -5.1872 -5.1873 -5.1870 
-2.5269 -2.6317 -2.7470 -2.8493 -2.9401 -3.0333 -3.1320 -3.2353 -3.3453 
-3.4649 -3.5696 -3.6608 -3.7468 -3.8276 -3.9042 -3.9763 -4.0440 -4.1073 
-4.1663 -4.2210 -4.2714 -4.3181 -4.3612 -4.4006 -4.4370 -4.4704 -4.5010 
-4.5292 -4.5553 -4.5796 -4.6019 -4.6228 -4.6421 -4.6602 -4.6770 -4.6927 
-4.7073 -4.7209 -4.7335 -4.7451 -4.7558 -4.7656 -4.7745 -4.7825 -4.7897 
-4.7960 -4.8015 -4.8063 -4.8102 -4.8136 -4.8164 -4.8186 -4.8204 -4.8217 
-4.8228 -4.8236 -4.8243 -4.8248 -4.8252 -4.8256 -4.8259 -4.8262 -4.8265 
-4.8268 -4.8271 -4.8275 -4.8278 -4.8282 -4.8286 -4.8289 -4.8293 -4.8296 
-4.8300 -4.8303 -4.8306 -4.8308 -4.8310 -4.8312 -4.8314 -4.8316 -4.8317 
-4.8318 -4.8319 -4.8320 -4.8321 -4.8321 -4.8322 -4.8322 -4.8322 -4.8322 
-4.8322 -4.8322 -4.8322 -4.8322 -4.8321 -4.8320 -4.8320 -4.8323 -4.8322 
-2.4265 -2.5277 -2.6277 -2.7200 -2.8047 -2.8925 -2.9857 -3.0835 -3.1825 
-3.2912 -3.3884 -3.4737 -3.5537 -3.6284 -3.6989 -3.7651 -3.8269 -3.8845 
-3.9378 -3.9871 -4.0324 -4.0739 -4.1122 -4.1470 -4.1788 -4.2078 -4.2342 
-4.2583 -4.2803 -4.3006 -4.3190 -4.3360 -4.3516 -4.3659 -4.3790 -4.3910 
-4.4021 -4.4123 -4.4215 -4.4300 -4.4376 -4.4445 -4.4506 -4.4561 -4.4608 
-4.4650 -4.4685 -4.4715 -4.4740 -4.4760 -4.4777 -4.4791 -4.4802 -4.4811 
-4.4818 -4.4824 -4.4829 -4.4833 -4.4838 -4.4842 -4.4846 -4.4850 -4.4855 
-4.4859 -4.4863 -4.4867 -4.4870 -4.4874 -4.4877 -4.4880 -4.4883 -4.4885 
-4.4887 -4.4889 -4.4891 -4.4892 -4.4893 -4.4895 -4.4896 -4.4896 -4.4897 
-4.4898 -4.4898 -4.4898 -4.4899 -4.4899 -4.4899 -4.4899 -4.4899 -4.4899 
-4.4900 -4.4900 -4.4900 -4.4900 -4.4899 -4.4899 -4.4898 -4.4899 -4.4900 
-2.3256 -2.4246 -2.5151 -2.6001 -2.6800 -2.7620 -2.8484 -2.9408 -3.0322 
-3.1274 -3.2156 -3.2947 -3.3680 -3.4365 -3.5006 -3.5605 -3.6161 -3.6676 
-3.7150 -3.7585 -3.7982 -3.8343 -3.8674 -3.8972 -3.9244 -3.9490 -3.9711 
-3.9912 -4.0092 -4.0258 -4.0406 -4.0542 -4.0665 -4.0776 -4.0877 -4.0968 
-4.1051 -4.1125 -4.1193 -4.1253 -4.1306 -4.1353 -4.1393 -4.1429 -4.1460 
-4.1486 -4.1508 -4.1526 -4.1541 -4.1553 -4.1564 -4.1573 -4.1581 -4.1587 
-4.1593 -4.1599 -4.1604 -4.1609 -4.1614 -4.1618 -4.1623 -4.1627 -4.1630 
-4.1634 -4.1637 -4.1640 -4.1643 -4.1645 -4.1647 -4.1649 -4.1650 -4.1652 
-4.1653 -4.1654 -4.1655 -4.1656 -4.1656 -4.1657 -4.1657 -4.1658 -4.1659 
-4.1659 -4.1659 -4.1659 -4.1659 -4.1660 -4.1660 -4.1660 -4.1660 -4.1660 
-4.1659 -4.1659 -4.1659 -4.1658 -4.1657 -4.1656 -4.1655 -4.1654 -4.1654 
-2.2329 -2.3292 -2.4133 -2.4916 -2.5664 -2.6426 -2.7227 -2.8100 -2.8948 
-2.9792 -3.0588 -3.1314 -3.1980 -3.2599 -3.3176 -3.3711 -3.4205 -3.4658 
-3.5072 -3.5450 -3.5792 -3.6099 -3.6379 -3.6631 -3.6857 -3.7059 -3.7241 
-3.7404 -3.7548 -3.7680 -3.7797 -3.7903 -3.7997 -3.8081 -3.8157 -3.8224 
-3.8284 -3.8337 -3.8384 -3.8425 -3.8461 -3.8491 -3.8517 -3.8540 -3.8559 
-3.8576 -3.8589 -3.8601 -3.8611 -3.8620 -3.8628 -3.8635 -3.8641 -3.8647 
-3.8653 -3.8658 -3.8662 -3.8667 -3.8671 -3.8674 -3.8678 -3.8681 -3.8683 
-3.8685 -3.8688 -3.8689 -3.8691 -3.8692 -3.8694 -3.8695 -3.8696 -3.8697 
-3.8697 -3.8698 -3.8698 -3.8699 -3.8699 -3.8700 -3.8700 -3.8700 -3.8701 
-3.8701 -3.8701 -3.8701 -3.8701 -3.8701 -3.8700 -3.8700 -3.8699 -3.8698 
-3.8698 -3.8696 -3.8695 -3.8694 -3.8692 -3.8691 -3.8689 -3.8687 -3.8688 
-2.1485 -2.2363 -2.3141 -2.3866 -2.4580 -2.5299 -2.6054 -2.6869 -2.7657 
-2.8409 -2.9116 -2.9770 -3.0371 -3.0927 -3.1441 -3.1915 -3.2348 -3.2743 
-3.3102 -3.3424 -3.3715 -3.3974 -3.4208 -3.4416 -3.4602 -3.4767 -3.4913 
-3.5043 -3.5157 -3.5260 -3.5351 -3.5432 -3.5503 -3.5566 -3.5621 -3.5669 
-3.5712 -3.5749 -3.5781 -3.5808 -3.5832 -3.5852 -3.5869 -3.5884 -3.5896 
-3.5907 -3.5917 -3.5926 -3.5933 -3.5940 -3.5947 -3.5952 -3.5958 -3.5963 
-3.5967 -3.5971 -3.5974 -3.5978 -3.5980 -3.5983 -3.5985 -3.5987 -3.5989 
-3.5990 -3.5992 -3.5993 -3.5994 -3.5995 -3.5996 -3.5996 -3.5997 -3.5997 
-3.5998 -3.5998 -3.5999 -3.5999 -3.5999 -3.5999 -3.5999 -3.5999 -3.5999 
-3.5999 -3.5998 -3.5998 -3.5997 -3.5996 -3.5996 -3.5995 -3.5994 -3.5993 
-3.5992 -3.5991 -3.5990 -3.5989 -3.5989 -3.5988 -3.5987 -3.5987 -3.5989 
-2.1009 -2.1834 -2.2573 -2.3254 -2.3930 -2.4612 -2.5324 -2.6091 -2.6836 
-2.7537 -2.8192 -2.8799 -2.9358 -2.9872 -3.0344 -3.0778 -3.1172 -3.1529 
-3.1852 -3.2141 -3.2399 -3.2628 -3.2833 -3.3015 -3.3176 -3.3319 -3.3444 
-3.3554 -3.3651 -3.3737 -3.3812 -3.3879 -3.3937 -3.3988 -3.4032 -3.4070 
-3.4103 -3.4132 -3.4156 -3.4177 -3.4195 -3.4211 -3.4224 -3.4235 -3.4246 
-3.4255 -3.4263 -3.4270 -3.4276 -3.4282 -3.4288 -3.4293 -3.4297 -3.4301 
-3.4305 -3.4308 -3.4311 -3.4313 -3.4315 -3.4317 -3.4319 -3.4320 -3.4322 
-3.4323 -3.4324 -3.4325 -3.4325 -3.4326 -3.4327 -3.4327 -3.4328 -3.4328 
-3.4328 -3.4328 -3.4328 -3.4328 -3.4328 -3.4328 -3.4328 -3.4327 -3.4327 
-3.4326 -3.4326 -3.4325 -3.4325 -3.4324 -3.4323 -3.4323 -3.4322 -3.4322 
-3.4321 -3.4321 -3.4320 -3.4320 -3.4320 -3.4319 -3.4319 -3.4319 -3.4321 
-2.0400 -2.1175 -2.1871 -2.2493 -2.3117 -2.3746 -2.4405 -2.5103 -2.5787 
-2.6425 -2.7017 -2.7565 -2.8066 -2.8526 -2.8945 -2.9326 -2.9671 -2.9980 
-3.0258 -3.0504 -3.0723 -3.0915 -3.1085 -3.1236 -3.1367 -3.1483 -3.1583 
-3.1671 -3.1747 -3.1814 -3.1872 -3.1922 -3.1966 -3.2003 -3.2035 -3.2063 
-3.2086 -3.2107 -3.2124 -3.2139 -3.2152 -3.2163 -3.2173 -3.2182 -3.2190 
-3.2197 -3.2204 -3.2210 -3.2215 -3.2219 -3.2224 -3.2227 -3.2231 -3.2233 
-3.2236 -3.2238 -3.2240 -3.2242 -3.2243 -3.2245 -3.2246 -3.2247 -3.2248 
-3.2248 -3.2249 -3.2250 -3.2250 -3.2250 -3.2250 -3.2251 -3.2251 -3.2251 
-3.2250 -3.2250 -3.2250 -3.2250 -3.2249 -3.2249 -3.2249 -3.2248 -3.2248 
-3.2247 -3.2247 -3.2247 -3.2246 -3.2246 -3.2246 -3.2246 -3.2246 -3.2246 
-3.2246 -3.2246 -3.2247 -3.2248 -3.2250 -3.2253 -3.2257 -3.2263 -3.2273 
-1.9845 -2.0570 -2.1226 -2.1793 -2.2364 -2.2942 -2.3543 -2.4173 -2.4795 
-2.5373 -2.5907 -2.6398 -2.6846 -2.7253 -2.7622 -2.7955 -2.8255 -2.8521 
-2.8758 -2.8967 -2.9150 -2.9310 -2.9451 -2.9575 -2.9681 -2.9773 -2.9853 
-2.9922 -2.9981 -3.0032 -3.0077 -3.0114 -3.0147 -3.0175 -3.0198 -3.0218 
-3.0235 -3.0250 -3.0263 -3.0274 -3.0284 -3.0293 -3.0301 -3.0308 -3.0314 
-3.0320 -3.0325 -3.0329 -3.0333 -3.0337 -3.0340 -3.0342 -3.0345 -3.0347 
-3.0349 -3.0350 -3.0351 -3.0353 -3.0354 -3.0354 -3.0355 -3.0356 -3.0356 
-3.0356 -3.0356 -3.0356 -3.0356 -3.0356 -3.0356 -3.0356 -3.0356 -3.0356 
-3.0355 -3.0355 -3.0355 -3.0355 -3.0354 -3.0354 -3.0354 -3.0354 -3.0354 
-3.0354 -3.0354 -3.0355 -3.0355 -3.0356 -3.0358 -3.0360 -3.0363 -3.0367 
-3.0374 -3.0383 -3.0391 -3.0412 -3.0449 -3.0490 -3.0573 -3.0698 -3.0890 
-1.9333 -2.0000 -2.0609 -2.1124 -2.1640 -2.2162 -2.2710 -2.3275 -2.3838 
-2.4358 -2.4835 -2.5270 -2.5664 -2.6021 -2.6341 -2.6627 -2.6883 -2.7108 
-2.7307 -2.7481 -2.7632 -2.7763 -2.7876 -2.7975 -2.8059 -2.8132 -2.8194 
-2.8247 -2.8291 -2.8330 -2.8363 -2.8390 -2.8414 -2.8434 -2.8452 -2.8466 
-2.8479 -2.8491 -2.8500 -2.8509 -2.8517 -2.8524 -2.8530 -2.8535 -2.8540 
-2.8544 -2.8548 -2.8551 -2.8554 -2.8556 -2.8558 -2.8560 -2.8562 -2.8563 
-2.8564 -2.8565 -2.8566 -2.8566 -2.8567 -2.8567 -2.8567 -2.8567 -2.8567 
-2.8567 -2.8567 -2.8567 -2.8567 -2.8567 -2.8566 -2.8566 -2.8566 -2.8566 
-2.8566 -2.8566 -2.8566 -2.8567 -2.8567 -2.8568 -2.8569 -2.8570 -2.8572 
-2.8575 -2.8580 -2.8586 -2.8594 -2.8602 -2.8620 -2.8650 -2.8684 -2.8749 
-2.8846 -2.8993 -2.9220 -2.9522 -3.0105 -3.0970 -3.2134 -3.3631 -3.5456 
-1.8906 -1.9482 -2.0017 -2.0484 -2.0946 -2.1409 -2.1907 -2.2421 -2.2921 
-2.3381 -2.3802 -2.4185 -2.4528 -2.4836 -2.5110 -2.5353 -2.5569 -2.5756 
-2.5921 -2.6063 -2.6185 -2.6291 -2.6380 -2.6458 -2.6523 -2.6579 -2.6626 
-2.6666 -2.6700 -2.6728 -2.6753 -2.6773 -2.6790 -2.6805 -2.6818 -2.6830 
-2.6839 -2.6848 -2.6856 -2.6862 -2.6868 -2.6874 -2.6878 -2.6882 -2.6886 
-2.6888 -2.6891 -2.6893 -2.6895 -2.6896 -2.6898 -2.6899 -2.6899 -2.6900 
-2.6900 -2.6900 -2.6901 -2.6901 -2.6901 -2.6901 -2.6901 -2.6901 -2.6901 
-2.6901 -2.6901 -2.6901 -2.6901 -2.6901 -2.6901 -2.6902 -2.6903 -2.6904 
-2.6905 -2.6907 -2.6910 -2.6914 -2.6919 -2.6927 -2.6934 -2.6949 -2.6973 
-2.6999 -2.7048 -2.7119 -2.7225 -2.7386 -2.7574 -2.7989 -2.8617 -2.9486 
-3.0695 -3.2246 -3.4108 -3.6220 -3.8437 -4.0620 -4.2834 -4.4898 -4.6813 
-1.8543 -1.8982 -1.9416 -1.9838 -2.0264 -2.0698 -2.1149 -2.1615 -2.2058 
-2.2464 -2.2833 -2.3166 -2.3464 -2.3727 -2.3961 -2.4164 -2.4345 -2.4499 
-2.4634 -2.4750 -2.4848 -2.4931 -2.5001 -2.5062 -2.5112 -2.5155 -2.5191 
-2.5221 -2.5246 -2.5267 -2.5285 -2.5301 -2.5314 -2.5325 -2.5335 -2.5344 
-2.5352 -2.5358 -2.5364 -2.5369 -2.5374 -2.5377 -2.5380 -2.5383 -2.5385 
-2.5387 -2.5388 -2.5389 -2.5390 -2.5391 -2.5391 -2.5392 -2.5392 -2.5392 
-2.5392 -2.5392 -2.5392 -2.5393 -2.5393 -2.5393 -2.5393 -2.5393 -2.5394 
-2.5395 -2.5395 -2.5397 -2.5398 -2.5401 -2.5404 -2.5408 -2.5414 -2.5420 
-2.5431 -2.5448 -2.5467 -2.5500 -2.5546 -2.5612 -2.5712 -2.5809 -2.6061 
-2.6435 -2.6968 -2.7788 -2.8897 -3.0351 -3.2150 -3.4192 -3.6310 -3.8596 
-4.0835 -4.3019 -4.5085 -4.6975 -4.8667 -5.0155 -5.1427 -5.2510 -5.3410 
-1.8111 -1.8515 -1.8902 -1.9274 -1.9649 -2.0035 -2.0438 -2.0851 -2.1242 
-2.1598 -2.1920 -2.2208 -2.2462 -2.2686 -2.2882 -2.3051 -2.3199 -2.3325 
-2.3434 -2.3526 -2.3604 -2.3669 -2.3723 -2.3769 -2.3808 -2.3840 -2.3867 
-2.3889 -2.3908 -2.3924 -2.3938 -2.3950 -2.3960 -2.3969 -2.3977 -2.3983 
-2.3989 -2.3994 -2.3998 -2.4001 -2.4004 -2.4006 -2.4008 -2.4009 -2.4010 
-2.4011 -2.4012 -2.4012 -2.4012 -2.4013 -2.4013 -2.4013 -2.4013 -2.4014 
-2.4014 -2.4015 -2.4015 -2.4016 -2.4017 -2.4019 -2.4020 -2.4023 -2.4026 
-2.4031 -2.4036 -2.4043 -2.4055 -2.4069 -2.4090 -2.4120 -2.4161 -2.4222 
-2.4276 -2.4423 -2.4626 -2.4925 -2.5413 -2.6093 -2.7057 -2.8373 -3.0015 
-3.1855 -3.3986 -3.6199 -3.8468 -4.0738 -4.2930 -4.5001 -4.6873 -4.8550 
-5.0020 -5.1280 -5.2333 -5.3195 -5.3872 -5.4416 -5.4811 -5.5092 -5.5269 
-1.7637 -1.8008 -1.8350 -1.8676 -1.9000 -1.9345 -1.9703 -2.0063 -2.0400 
-2.0707 -2.0981 -2.1224 -2.1437 -2.1622 -2.1782 -2.1918 -2.2036 -2.2136 
-2.2221 -2.2292 -2.2351 -2.2401 -2.2441 -2.2476 -2.2504 -2.2528 -2.2548 
-2.2565 -2.2579 -2.2591 -2.2601 -2.2610 -2.2617 -2.2624 -2.2629 -2.2633 
-2.2636 -2.2639 -2.2642 -2.2643 -2.2645 -2.2646 -2.2647 -2.2647 -2.2648 
-2.2648 -2.2649 -2.2650 -2.2650 -2.2651 -2.2652 -2.2653 -2.2654 -2.2656 
-2.2658 -2.2661 -2.2664 -2.2669 -2.2675 -2.2684 -2.2695 -2.2711 -2.2732 
-2.2761 -2.2803 -2.2841 -2.2936 -2.3059 -2.3243 -2.3545 -2.3967 -2.4582 
-2.5474 -2.6678 -2.8151 -2.9971 -3.1979 -3.4143 -3.6411 -3.8703 -4.0993 
-4.3134 -4.5152 -4.6991 -4.8619 -5.0032 -5.1226 -5.2195 -5.2993 -5.3605 
-5.4064 -5.4391 -5.4599 -5.4712 -5.4738 -5.4724 -5.4658 -5.4565 -5.4455 
-1.7241 -1.7584 -1.7890 -1.8179 -1.8461 -1.8772 -1.9100 -1.9419 -1.9717 
-1.9986 -2.0224 -2.0432 -2.0614 -2.0770 -2.0903 -2.1016 -2.1113 -2.1194 
-2.1262 -2.1319 -2.1365 -2.1404 -2.1436 -2.1463 -2.1485 -2.1504 -2.1519 
-2.1532 -2.1543 -2.1552 -2.1560 -2.1566 -2.1571 -2.1575 -2.1578 -2.1581 
-2.1583 -2.1585 -2.1586 -2.1587 -2.1588 -2.1589 -2.1590 -2.1591 -2.1592 
-2.1593 -2.1594 -2.1596 -2.1597 -2.1600 -2.1603 -2.1607 -2.1612 -2.1619 
-2.1628 -2.1640 -2.1656 -2.1676 -2.1699 -2.1744 -2.1799 -2.1882 -2.2011 
-2.2188 -2.2445 -2.2816 -2.3371 -2.4206 -2.5314 -2.6709 -2.8398 -3.0340 
-3.2463 -3.4738 -3.6998 -3.9268 -4.1482 -4.3582 -4.5542 -4.7307 -4.8848 
-5.0171 -5.1266 -5.2151 -5.2849 -5.3368 -5.3739 -5.3972 -5.4125 -5.4193 
-5.4197 -5.4162 -5.4094 -5.4008 -5.3913 -5.3823 -5.3738 -5.3662 -5.3596 
-1.6835 -1.7145 -1.7410 -1.7669 -1.7922 -1.8190 -1.8474 -1.8757 -1.9017 
-1.9249 -1.9452 -1.9628 -1.9780 -1.9909 -2.0019 -2.0110 -2.0187 -2.0252 
-2.0305 -2.0349 -2.0386 -2.0415 -2.0440 -2.0460 -2.0477 -2.0491 -2.0503 
-2.0512 -2.0520 -2.0526 -2.0531 -2.0535 -2.0538 -2.0541 -2.0543 -2.0545 
-2.0546 -2.0547 -2.0549 -2.0550 -2.0552 -2.0553 -2.0555 -2.0557 -2.0560 
-2.0564 -2.0568 -2.0574 -2.0582 -2.0592 -2.0604 -2.0619 -2.0644 -2.0673 
-2.0717 -2.0781 -2.0866 -2.0986 -2.1133 -2.1383 -2.1809 -2.2341 -2.3131 
-2.4192 -2.5540 -2.7179 -2.9111 -3.1156 -3.3332 -3.5587 -3.7843 -4.0085 
-4.2246 -4.4290 -4.6138 -4.7772 -4.9187 -5.0373 -5.1332 -5.2082 -5.2634 
-5.3050 -5.3338 -5.3511 -5.3612 -5.3645 -5.3634 -5.3592 -5.3540 -5.3482 
-5.3421 -5.3366 -5.3316 -5.3276 -5.3245 -5.3222 -5.3205 -5.3194 -5.3185 
-1.6393 -1.6676 -1.6913 -1.7151 -1.7389 -1.7635 -1.7888 -1.8138 -1.8367 
-1.8567 -1.8743 -1.8891 -1.9019 -1.9127 -1.9216 -1.9290 -1.9352 -1.9405 
-1.9446 -1.9481 -1.9510 -1.9533 -1.9552 -1.9567 -1.9580 -1.9590 -1.9598 
-1.9604 -1.9610 -1.9614 -1.9617 -1.9620 -1.9622 -1.9625 -1.9627 -1.9629 
-1.9631 -1.9633 -1.9636 -1.9639 -1.9643 -1.9648 -1.9654 -1.9662 -1.9671 
-1.9685 -1.9701 -1.9724 -1.9756 -1.9798 -1.9854 -1.9915 -2.0028 -2.0213 
-2.0425 -2.0783 -2.1283 -2.1972 -2.2909 -2.4167 -2.5656 -2.7410 -2.9378 
-3.1469 -3.3676 -3.5926 -3.8201 -4.0399 -4.2488 -4.4466 -4.6240 -4.7807 
-4.9137 -5.0217 -5.1090 -5.1776 -5.2273 -5.2639 -5.2877 -5.3027 -5.3104 
-5.3139 -5.3147 -5.3128 -5.3101 -5.3067 -5.3035 -5.3008 -5.2985 -5.2968 
-5.2957 -5.2947 -5.2941 -5.2934 -5.2927 -5.2916 -5.2900 -5.2877 -5.2844 
-1.6033 -1.6270 -1.6468 -1.6673 -1.6884 -1.7101 -1.7325 -1.7544 -1.7744 
-1.7918 -1.8068 -1.8194 -1.8301 -1.8391 -1.8464 -1.8525 -1.8574 -1.8616 
-1.8649 -1.8676 -1.8698 -1.8716 -1.8730 -1.8741 -1.8750 -1.8757 -1.8763 
-1.8768 -1.8772 -1.8776 -1.8779 -1.8782 -1.8785 -1.8788 -1.8792 -1.8796 
-1.8801 -1.8807 -1.8816 -1.8825 -1.8838 -1.8856 -1.8877 -1.8906 -1.8937 
-1.8991 -1.9068 -1.9164 -1.9315 -1.9524 -1.9814 -2.0233 -2.0796 -2.1617 
-2.2700 -2.4040 -2.5626 -2.7454 -2.9461 -3.1607 -3.3804 -3.6006 -3.8234 
-4.0383 -4.2453 -4.4384 -4.6116 -4.7624 -4.8899 -4.9928 -5.0757 -5.1387 
-5.1850 -5.2176 -5.2404 -5.2567 -5.2652 -5.2704 -5.2725 -5.2727 -5.2720 
-5.2709 -5.2701 -5.2693 -5.2686 -5.2681 -5.2675 -5.2669 -5.2659 -5.2642 
-5.2619 -5.2584 -5.2538 -5.2476 -5.2396 -5.2294 -5.2167 -5.2017 -5.1841 
-1.5663 -1.5853 -1.6027 -1.6208 -1.6396 -1.6589 -1.6786 -1.6979 -1.7155 
-1.7305 -1.7435 -1.7542 -1.7633 -1.7708 -1.7768 -1.7818 -1.7857 -1.7891 
-1.7917 -1.7938 -1.7955 -1.7968 -1.7979 -1.7987 -1.7995 -1.8001 -1.8006 
-1.8010 -1.8015 -1.8019 -1.8024 -1.8030 -1.8036 -1.8044 -1.8054 -1.8066 
-1.8081 -1.8098 -1.8125 -1.8159 -1.8203 -1.8268 -1.8352 -1.8467 -1.8619 
-1.8822 -1.9177 -1.9634 -2.0276 -2.1151 -2.2263 -2.3641 -2.5292 -2.7125 
-2.9081 -3.1198 -3.3352 -3.5543 -3.7736 -3.9898 -4.1972 -4.3862 -4.5603 
-4.7113 -4.8388 -4.9428 -5.0245 -5.0874 -5.1375 -5.1717 -5.1971 -5.2141 
-5.2249 -5.2315 -5.2351 -5.2376 -5.2387 -5.2394 -5.2397 -5.2397 -5.2396 
-5.2390 -5.2377 -5.2358 -5.2328 -5.2285 -5.2228 -5.2152 -5.2055 -5.1934 
-5.1789 -5.1619 -5.1424 -5.1205 -5.0962 -5.0698 -5.0421 -5.0126 -4.9822 
-1.5292 -1.5454 -1.5614 -1.5777 -1.5943 -1.6114 -1.6290 -1.6464 -1.6622 
-1.6752 -1.6865 -1.6958 -1.7035 -1.7098 -1.7149 -1.7190 -1.7222 -1.7250 
-1.7271 -1.7288 -1.7301 -1.7312 -1.7322 -1.7329 -1.7336 -1.7343 -1.7349 
-1.7356 -1.7364 -1.7373 -1.7383 -1.7396 -1.7413 -1.7433 -1.7461 -1.7496 
-1.7542 -1.7596 -1.7675 -1.7806 -1.7954 -1.8189 -1.8516 -1.8960 -1.9567 
-2.0394 -2.1454 -2.2757 -2.4321 -2.6063 -2.7982 -3.0031 -3.2161 -3.4336 
-3.6481 -3.8644 -4.0715 -4.2682 -4.4496 -4.6097 -4.7461 -4.8611 -4.9520 
-5.0249 -5.0805 -5.1214 -5.1507 -5.1706 -5.1859 -5.1952 -5.2016 -5.2057 
-5.2082 -5.2098 -5.2107 -5.2107 -5.2101 -5.2084 -5.2055 -5.2013 -5.1954 
-5.1877 -5.1776 -5.1652 -5.1504 -5.1331 -5.1134 -5.0912 -5.0667 -5.0407 
-5.0127 -4.9836 -4.9534 -4.9224 -4.8908 -4.8593 -4.8284 -4.7978 -4.7681 
-1.4813 -1.5046 -1.5167 -1.5292 -1.5439 -1.5595 -1.5752 -1.5907 -1.6045 
-1.6159 -1.6257 -1.6337 -1.6402 -1.6455 -1.6497 -1.6531 -1.6557 -1.6580 
-1.6598 -1.6612 -1.6625 -1.6636 -1.6646 -1.6656 -1.6666 -1.6678 -1.6691 
-1.6707 -1.6726 -1.6750 -1.6778 -1.6817 -1.6875 -1.6940 -1.7039 -1.7172 
-1.7352 -1.7599 -1.7909 -1.8395 -1.9059 -1.9905 -2.0988 -2.2306 -2.3855 
-2.5606 -2.7524 -2.9511 -3.1600 -3.3717 -3.5850 -3.7978 -4.0058 -4.2071 
-4.3882 -4.5507 -4.6913 -4.8088 -4.9040 -4.9789 -5.0342 -5.0786 -5.1098 
-5.1325 -5.1485 -5.1591 -5.1663 -5.1708 -5.1738 -5.1752 -5.1751 -5.1736 
-5.1705 -5.1656 -5.1589 -5.1498 -5.1383 -5.1245 -5.1082 -5.0894 -5.0683 
-5.0447 -5.0195 -4.9924 -4.9641 -4.9347 -4.9044 -4.8734 -4.8422 -4.8116 
-4.7814 -4.7519 -4.7233 -4.6957 -4.6693 -4.6440 -4.6199 -4.5971 -4.5755 
-1.4416 -1.4628 -1.4749 -1.4858 -1.4986 -1.5124 -1.5263 -1.5401 -1.5524 
-1.5625 -1.5711 -1.5781 -1.5837 -1.5883 -1.5920 -1.5950 -1.5974 -1.5994 
-1.6012 -1.6027 -1.6043 -1.6058 -1.6073 -1.6090 -1.6111 -1.6138 -1.6169 
-1.6211 -1.6264 -1.6333 -1.6424 -1.6529 -1.6711 -1.6942 -1.7264 -1.7719 
-1.8312 -1.9092 -2.0103 -2.1340 -2.2768 -2.4430 -2.6234 -2.8164 -3.0189 
-3.2271 -3.4412 -3.6516 -3.8625 -4.0657 -4.2563 -4.4314 -4.5855 -4.7146 
-4.8229 -4.9085 -4.9754 -5.0264 -5.0633 -5.0899 -5.1078 -5.1214 -5.1302 
-5.1357 -5.1386 -5.1390 -5.1374 -5.1336 -5.1275 -5.1190 -5.1080 -5.0945 
-5.0786 -5.0601 -5.0393 -5.0165 -4.9915 -4.9648 -4.9369 -4.9079 -4.8780 
-4.8474 -4.8170 -4.7867 -4.7569 -4.7279 -4.6997 -4.6725 -4.6464 -4.6215 
-4.5978 -4.5754 -4.5542 -4.5342 -4.5153 -4.4974 -4.4806 -4.4646 -4.4497 
-1.4030 -1.4188 -1.4308 -1.4410 -1.4525 -1.4650 -1.4775 -1.4900 -1.5011 
-1.5101 -1.5177 -1.5241 -1.5291 -1.5333 -1.5367 -1.5396 -1.5420 -1.5443 
-1.5466 -1.5488 -1.5512 -1.5540 -1.5573 -1.5612 -1.5659 -1.5730 -1.5813 
-1.5932 -1.6093 -1.6305 -1.6590 -1.6963 -1.7488 -1.8206 -1.9099 -2.0206 
-2.1530 -2.3059 -2.4766 -2.6638 -2.8579 -3.0603 -3.2678 -3.4776 -3.6889 
-3.8977 -4.1018 -4.2884 -4.4561 -4.6031 -4.7264 -4.8262 -4.9047 -4.9628 
-5.0084 -5.0416 -5.0646 -5.0810 -5.0911 -5.0969 -5.0989 -5.0980 -5.0941 
-5.0874 -5.0779 -5.0657 -5.0508 -5.0333 -5.0136 -4.9915 -4.9673 -4.9417 
-4.9145 -4.8861 -4.8566 -4.8268 -4.7969 -4.7670 -4.7377 -4.7088 -4.6808 
-4.6538 -4.6279 -4.6032 -4.5796 -4.5573 -4.5363 -4.5164 -4.4977 -4.4801 
-4.4634 -4.4477 -4.4332 -4.4198 -4.4079 -4.3974 -4.3885 -4.3811 -4.3751 
-1.3651 -1.3737 -1.3845 -1.3964 -1.4080 -1.4192 -1.4305 -1.4420 -1.4522 
-1.4605 -1.4675 -1.4736 -1.4783 -1.4826 -1.4862 -1.4896 -1.4927 -1.4960 
-1.4998 -1.5039 -1.5091 -1.5155 -1.5236 -1.5340 -1.5458 -1.5649 -1.5908 
-1.6235 -1.6699 -1.7298 -1.8068 -1.9039 -2.0236 -2.1608 -2.3185 -2.4917 
-2.6768 -2.8727 -3.0756 -3.2857 -3.4958 -3.7065 -3.9150 -4.1124 -4.2978 
-4.4633 -4.6041 -4.7222 -4.8171 -4.8900 -4.9464 -4.9868 -5.0154 -5.0342 
-5.0465 -5.0532 -5.0546 -5.0522 -5.0459 -5.0363 -5.0235 -5.0081 -4.9903 
-4.9700 -4.9473 -4.9224 -4.8964 -4.8688 -4.8404 -4.8114 -4.7819 -4.7526 
-4.7234 -4.6947 -4.6667 -4.6397 -4.6137 -4.5889 -4.5652 -4.5428 -4.5216 
-4.5017 -4.4829 -4.4652 -4.4486 -4.4330 -4.4185 -4.4053 -4.3935 -4.3833 
-4.3746 -4.3674 -4.3615 -4.3570 -4.3535 -4.3510 -4.3491 -4.3477 -4.3468 
-1.3255 -1.3339 -1.3432 -1.3528 -1.3627 -1.3735 -1.3843 -1.3950 -1.4046 
-1.4126 -1.4194 -1.4256 -1.4308 -1.4358 -1.4406 -1.4456 -1.4510 -1.4566 
-1.4645 -1.4740 -1.4861 -1.5026 -1.5236 -1.5513 -1.5875 -1.6358 -1.7018 
-1.7840 -1.8853 -2.0067 -2.1478 -2.3070 -2.4830 -2.6690 -2.8639 -3.0672 
-3.2745 -3.4857 -3.6977 -3.9083 -4.1071 -4.2880 -4.4517 -4.5910 -4.7058 
-4.7967 -4.8652 -4.9171 -4.9556 -4.9801 -4.9961 -5.0038 -5.0052 -5.0013 
-4.9932 -4.9817 -4.9667 -4.9490 -4.9287 -4.9060 -4.8813 -4.8554 -4.8283 
-4.8000 -4.7714 -4.7425 -4.7136 -4.6849 -4.6569 -4.6298 -4.6036 -4.5784 
-4.5544 -4.5316 -4.5101 -4.4898 -4.4706 -4.4527 -4.4358 -4.4201 -4.4054 
-4.3921 -4.3801 -4.3697 -4.3609 -4.3535 -4.3476 -4.3430 -4.3395 -4.3370 
-4.3350 -4.3338 -4.3331 -4.3327 -4.3327 -4.3329 -4.3333 -4.3339 -4.3347 
-1.2810 -1.2888 -1.2971 -1.3076 -1.3181 -1.3286 -1.3390 -1.3493 -1.3589 
-1.3673 -1.3746 -1.3819 -1.3888 -1.3960 -1.4041 -1.4132 -1.4241 -1.4364 
-1.4539 -1.4782 -1.5067 -1.5469 -1.5987 -1.6647 -1.7478 -1.8511 -1.9724 
-2.1128 -2.2712 -2.4432 -2.6287 -2.8241 -3.0281 -3.2364 -3.4455 -3.6588 
-3.8649 -4.0639 -4.2489 -4.4127 -4.5527 -4.6688 -4.7587 -4.8289 -4.8794 
-4.9137 -4.9349 -4.9462 -4.9507 -4.9471 -4.9390 -4.9264 -4.9102 -4.8908 
-4.8690 -4.8455 -4.8203 -4.7938 -4.7660 -4.7378 -4.7093 -4.6809 -4.6531 
-4.6255 -4.5989 -4.5732 -4.5485 -4.5250 -4.5028 -4.4818 -4.4620 -4.4434 
-4.4260 -4.4098 -4.3947 -4.3808 -4.3684 -4.3574 -4.3479 -4.3400 -4.3336 
-4.3287 -4.3249 -4.3220 -4.3202 -4.3189 -4.3182 -4.3180 -4.3182 -4.3187 
-4.3193 -4.3202 -4.3212 -4.3223 -4.3235 -4.3246 -4.3257 -4.3267 -4.3275 
-1.2380 -1.2454 -1.2528 -1.2626 -1.2727 -1.2830 -1.2935 -1.3042 -1.3148 
-1.3248 -1.3341 -1.3446 -1.3561 -1.3689 -1.3849 -1.4042 -1.4283 -1.4590 
-1.4977 -1.5513 -1.6179 -1.7008 -1.8021 -1.9220 -2.0607 -2.2177 -2.3886 
-2.5699 -2.7640 -2.9640 -3.1699 -3.3799 -3.5922 -3.8021 -3.9980 -4.1858 
-4.3517 -4.4947 -4.6125 -4.7045 -4.7730 -4.8251 -4.8573 -4.8775 -4.8863 
-4.8860 -4.8790 -4.8666 -4.8510 -4.8312 -4.8093 -4.7854 -4.7599 -4.7332 
-4.7056 -4.6780 -4.6502 -4.6227 -4.5958 -4.5695 -4.5442 -4.5199 -4.4969 
-4.4750 -4.4544 -4.4350 -4.4169 -4.3999 -4.3842 -4.3697 -4.3565 -4.3447 
-4.3344 -4.3258 -4.3187 -4.3132 -4.3088 -4.3058 -4.3036 -4.3023 -4.3018 
-4.3017 -4.3021 -4.3028 -4.3038 -4.3049 -4.3062 -4.3076 -4.3090 -4.3103 
-4.3115 -4.3126 -4.3133 -4.3138 -4.3139 -4.3135 -4.3126 -4.3108 -4.3082 
-1.1910 -1.1973 -1.2049 -1.2145 -1.2250 -1.2361 -1.2480 -1.2608 -1.2745 
-1.2887 -1.3036 -1.3211 -1.3437 -1.3686 -1.4017 -1.4433 -1.4951 -1.5601 
-1.6411 -1.7394 -1.8558 -1.9907 -2.1410 -2.3068 -2.4856 -2.6749 -2.8724 
-3.0733 -3.2806 -3.4877 -3.6936 -3.8943 -4.0834 -4.2556 -4.4030 -4.5248 
-4.6226 -4.6964 -4.7485 -4.7824 -4.8002 -4.8093 -4.8078 -4.7997 -4.7856 
-4.7677 -4.7468 -4.7233 -4.6988 -4.6729 -4.6464 -4.6197 -4.5930 -4.5666 
-4.5407 -4.5159 -4.4919 -4.4692 -4.4476 -4.4273 -4.4082 -4.3904 -4.3738 
-4.3585 -4.3444 -4.3317 -4.3205 -4.3108 -4.3029 -4.2964 -4.2915 -4.2878 
-4.2854 -4.2840 -4.2834 -4.2835 -4.2840 -4.2850 -4.2863 -4.2878 -4.2894 
-4.2911 -4.2928 -4.2943 -4.2957 -4.2968 -4.2976 -4.2980 -4.2980 -4.2975 
-4.2960 -4.2938 -4.2906 -4.2863 -4.2809 -4.2742 -4.2663 -4.2569 -4.2462 
-1.1349 -1.1431 -1.1524 -1.1635 -1.1764 -1.1909 -1.2067 -1.2250 -1.2459 
-1.2696 -1.2973 -1.3287 -1.3711 -1.4222 -1.4851 -1.5632 -1.6565 -1.7670 
-1.8955 -2.0402 -2.1970 -2.3684 -2.5489 -2.7378 -2.9337 -3.1346 -3.3422 
-3.5437 -3.7446 -3.9340 -4.1080 -4.2625 -4.3929 -4.4959 -4.5779 -4.6359 
-4.6758 -4.7001 -4.7111 -4.7121 -4.7043 -4.6925 -4.6759 -4.6563 -4.6345 
-4.6110 -4.5865 -4.5613 -4.5365 -4.5118 -4.4876 -4.4643 -4.4419 -4.4207 
-4.4006 -4.3818 -4.3642 -4.3478 -4.3328 -4.3191 -4.3067 -4.2958 -4.2866 
-4.2790 -4.2730 -4.2686 -4.2656 -4.2638 -4.2631 -4.2631 -4.2638 -4.2650 
-4.2666 -4.2685 -4.2705 -4.2726 -4.2745 -4.2764 -4.2780 -4.2793 -4.2803 
-4.2809 -4.2810 -4.2802 -4.2787 -4.2762 -4.2727 -4.2679 -4.2619 -4.2545 
-4.2456 -4.2353 -4.2233 -4.2095 -4.1938 -4.1760 -4.1558 -4.1335 -4.1088 
-1.0740 -1.0859 -1.0983 -1.1131 -1.1310 -1.1528 -1.1769 -1.2062 -1.2412 
-1.2826 -1.3322 -1.3915 -1.4645 -1.5527 -1.6558 -1.7744 -1.9084 -2.0567 
-2.2171 -2.3896 -2.5689 -2.7567 -2.9500 -3.1472 -3.3465 -3.5434 -3.7361 
-3.9110 -4.0686 -4.2055 -4.3189 -4.4088 -4.4768 -4.5236 -4.5571 -4.5762 
-4.5846 -4.5852 -4.5790 -4.5679 -4.5526 -4.5353 -4.5159 -4.4953 -4.4741 
-4.4525 -4.4311 -4.4101 -4.3900 -4.3708 -4.3526 -4.3356 -4.3197 -4.3051 
-4.2917 -4.2797 -4.2693 -4.2604 -4.2531 -4.2476 -4.2437 -4.2414 -4.2401 
-4.2400 -4.2407 -4.2421 -4.2441 -4.2463 -4.2489 -4.2513 -4.2538 -4.2561 
-4.2581 -4.2599 -4.2612 -4.2621 -4.2622 -4.2617 -4.2603 -4.2578 -4.2541 
-4.2492 -4.2429 -4.2350 -4.2255 -4.2142 -4.2012 -4.1863 -4.1692 -4.1499 
-4.1283 -4.1044 -4.0784 -4.0505 -4.0209 -3.9901 -3.9582 -3.9260 -3.8936 
-1.0084 -1.0270 -1.0465 -1.0693 -1.0962 -1.1302 -1.1700 -1.2174 -1.2751 
-1.3431 -1.4236 -1.5183 -1.6274 -1.7496 -1.8864 -2.0349 -2.1944 -2.3640 
-2.5423 -2.7301 -2.9190 -3.1107 -3.3010 -3.4839 -3.6577 -3.8164 -3.9561 
-4.0760 -4.1748 -4.2537 -4.3154 -4.3615 -4.3936 -4.4132 -4.4255 -4.4310 
-4.4305 -4.4257 -4.4171 -4.4059 -4.3924 -4.3779 -4.3626 -4.3467 -4.3309 
-4.3153 -4.3002 -4.2858 -4.2725 -4.2602 -4.2491 -4.2393 -4.2310 -4.2243 
-4.2194 -4.2160 -4.2141 -4.2136 -4.2142 -4.2157 -4.2180 -4.2208 -4.2238 
-4.2268 -4.2300 -4.2329 -4.2356 -4.2379 -4.2398 -4.2411 -4.2418 -4.2417 
-4.2406 -4.2384 -4.2350 -4.2303 -4.2239 -4.2159 -4.2060 -4.1943 -4.1806 
-4.1649 -4.1469 -4.1266 -4.1039 -4.0789 -4.0519 -4.0228 -3.9921 -3.9599 
-3.9268 -3.8930 -3.8586 -3.8238 -3.7886 -3.7527 -3.7163 -3.6784 -3.6389 
-0.9434 -0.9722 -1.0032 -1.0391 -1.0816 -1.1337 -1.1966 -1.2688 -1.3542 
-1.4526 -1.5640 -1.6886 -1.8266 -1.9744 -2.1333 -2.3013 -2.4756 -2.6559 
-2.8387 -3.0212 -3.1955 -3.3596 -3.5127 -3.6501 -3.7717 -3.8764 -3.9641 
-4.0378 -4.0982 -4.1456 -4.1835 -4.2121 -4.2332 -4.2482 -4.2586 -4.2647 
-4.2666 -4.2659 -4.2626 -4.2572 -4.2502 -4.2423 -4.2340 -4.2251 -4.2165 
-4.2083 -4.2008 -4.1943 -4.1891 -4.1853 -4.1830 -4.1822 -4.1827 -4.1843 
-4.1870 -4.1903 -4.1939 -4.1978 -4.2018 -4.2056 -4.2093 -4.2125 -4.2152 
-4.2173 -4.2188 -4.2193 -4.2189 -4.2174 -4.2147 -4.2103 -4.2043 -4.1965 
-4.1867 -4.1749 -4.1609 -4.1447 -4.1261 -4.1051 -4.0817 -4.0560 -4.0279 
-3.9979 -3.9659 -3.9325 -3.8980 -3.8624 -3.8259 -3.7887 -3.7506 -3.7118 
-3.6717 -3.6302 -3.5873 -3.5425 -3.4959 -3.4472 -3.3965 -3.3439 -3.2895 
-0.8859 -0.9286 -0.9758 -1.0300 -1.0939 -1.1692 -1.2567 -1.3563 -1.4683 
-1.5927 -1.7291 -1.8764 -2.0353 -2.1993 -2.3667 -2.5377 -2.7049 -2.8677 
-3.0220 -3.1648 -3.2953 -3.4136 -3.5193 -3.6138 -3.6970 -3.7701 -3.8335 
-3.8889 -3.9370 -3.9776 -4.0125 -4.0416 -4.0657 -4.0855 -4.1017 -4.1147 
-4.1241 -4.1314 -4.1364 -4.1389 -4.1397 -4.1397 -4.1395 -4.1390 -4.1391 
-4.1398 -4.1415 -4.1442 -4.1478 -4.1520 -4.1569 -4.1620 -4.1673 -4.1726 
-4.1776 -4.1822 -4.1862 -4.1896 -4.1922 -4.1939 -4.1947 -4.1943 -4.1926 
-4.1891 -4.1841 -4.1770 -4.1678 -4.1565 -4.1428 -4.1267 -4.1081 -4.0869 
-4.0633 -4.0371 -4.0086 -3.9778 -3.9451 -3.9108 -3.8748 -3.8376 -3.7992 
-3.7598 -3.7193 -3.6778 -3.6349 -3.5908 -3.5452 -3.4980 -3.4490 -3.3982 
-3.3457 -3.2915 -3.2355 -3.1780 -3.1191 -3.0587 -2.9972 -2.9345 -2.8709 
-0.8455 -0.9057 -0.9727 -1.0480 -1.1344 -1.2341 -1.3453 -1.4684 -1.6030 
-1.7460 -1.8973 -2.0535 -2.2116 -2.3665 -2.5141 -2.6555 -2.7872 -2.9091 
-3.0213 -3.1244 -3.2195 -3.3080 -3.3890 -3.4648 -3.5353 -3.6007 -3.6610 
-3.7163 -3.7669 -3.8125 -3.8537 -3.8905 -3.9230 -3.9518 -3.9770 -3.9991 
-4.0176 -4.0336 -4.0473 -4.0587 -4.0688 -4.0781 -4.0871 -4.0958 -4.1043 
-4.1128 -4.1211 -4.1291 -4.1367 -4.1436 -4.1499 -4.1554 -4.1599 -4.1636 
-4.1662 -4.1675 -4.1672 -4.1656 -4.1619 -4.1564 -4.1486 -4.1385 -4.1258 
-4.1105 -4.0925 -4.0718 -4.0485 -4.0225 -3.9940 -3.9630 -3.9301 -3.8950 
-3.8583 -3.8200 -3.7802 -3.7391 -3.6968 -3.6533 -3.6086 -3.5626 -3.5152 
-3.4663 -3.4158 -3.3638 -3.3102 -3.2550 -3.1984 -3.1403 -3.0808 -3.0201 
-2.9583 -2.8955 -2.8316 -2.7670 -2.7016 -2.6355 -2.5689 -2.5017 -2.4341 
-0.8271 -0.9076 -0.9966 -1.0936 -1.2012 -1.3220 -1.4510 -1.5849 -1.7270 
-1.8678 -2.0073 -2.1425 -2.2705 -2.3908 -2.5040 -2.6090 -2.7084 -2.8022 
-2.8914 -2.9769 -3.0593 -3.1393 -3.2168 -3.2918 -3.3642 -3.4338 -3.5002 
-3.5630 -3.6219 -3.6769 -3.7279 -3.7748 -3.8176 -3.8567 -3.8921 -3.9242 
-3.9529 -3.9788 -4.0018 -4.0224 -4.0408 -4.0574 -4.0723 -4.0855 -4.0971 
-4.1073 -4.1159 -4.1231 -4.1289 -4.1330 -4.1356 -4.1363 -4.1351 -4.1319 
-4.1262 -4.1181 -4.1071 -4.0934 -4.0767 -4.0572 -4.0348 -4.0095 -3.9815 
-3.9510 -3.9181 -3.8830 -3.8459 -3.8070 -3.7663 -3.7242 -3.6808 -3.6361 
-3.5900 -3.5427 -3.4941 -3.4441 -3.3927 -3.3399 -3.2857 -3.2301 -3.1731 
-3.1148 -3.0552 -2.9944 -2.9326 -2.8698 -2.8061 -2.7416 -2.6763 -2.6104 
-2.5438 -2.4769 -2.4094 -2.3416 -2.2736 -2.2052 -2.1367 -2.0680 -1.9992 
-0.8325 -0.9320 -1.0369 -1.1475 -1.2659 -1.3896 -1.5161 -1.6392 -1.7604 
-1.8764 -1.9869 -2.0916 -2.1912 -2.2859 -2.3780 -2.4670 -2.5542 -2.6401 
-2.7249 -2.8091 -2.8930 -2.9761 -3.0587 -3.1402 -3.2203 -3.2987 -3.3747 
-3.4479 -3.5175 -3.5838 -3.6460 -3.7040 -3.7582 -3.8084 -3.8544 -3.8959 
-3.9327 -3.9652 -3.9935 -4.0177 -4.0382 -4.0551 -4.0692 -4.0804 -4.0889 
-4.0949 -4.0983 -4.0992 -4.0974 -4.0926 -4.0848 -4.0740 -4.0599 -4.0426 
-4.0222 -3.9985 -3.9721 -3.9427 -3.9107 -3.8763 -3.8396 -3.8008 -3.7601 
-3.7179 -3.6740 -3.6287 -3.5821 -3.5342 -3.4850 -3.4345 -3.3827 -3.3296 
-3.2752 -3.2195 -3.1626 -3.1045 -3.0450 -2.9846 -2.9231 -2.8606 -2.7973 
-2.7331 -2.6682 -2.6026 -2.5364 -2.4697 -2.4026 -2.3350 -2.2672 -2.1991 
-2.1308 -2.0623 -1.9938 -1.9252 -1.8567 -1.7883 -1.7200 -1.6519 -1.5843 
-0.8383 -0.9468 -1.0546 -1.1618 -1.2671 -1.3753 -1.4804 -1.5821 -1.6797 
-1.7745 -1.8666 -1.9566 -2.0452 -2.1327 -2.2203 -2.3078 -2.3958 -2.4844 
-2.5736 -2.6638 -2.7548 -2.8459 -2.9375 -3.0287 -3.1191 -3.2083 -3.2955 
-3.3806 -3.4617 -3.5396 -3.6130 -3.6812 -3.7446 -3.8020 -3.8530 -3.8977 
-3.9358 -3.9678 -3.9941 -4.0148 -4.0306 -4.0417 -4.0487 -4.0516 -4.0504 
-4.0454 -4.0364 -4.0236 -4.0069 -3.9868 -3.9631 -3.9363 -3.9065 -3.8738 
-3.8386 -3.8009 -3.7612 -3.7196 -3.6762 -3.6312 -3.5847 -3.5369 -3.4876 
-3.4372 -3.3855 -3.3325 -3.2784 -3.2231 -3.1665 -3.1088 -3.0500 -2.9901 
-2.9292 -2.8673 -2.8045 -2.7409 -2.6765 -2.6115 -2.5459 -2.4797 -2.4130 
-2.3458 -2.2784 -2.2106 -2.1426 -2.0744 -2.0061 -1.9377 -1.8694 -1.8011 
-1.7329 -1.6650 -1.5974 -1.5302 -1.4636 -1.3975 -1.3322 -1.2677 -1.2044 
-0.8059 -0.9022 -0.9985 -1.0940 -1.1887 -1.2749 -1.3641 -1.4532 -1.5413 
-1.6289 -1.7168 -1.8050 -1.8939 -1.9838 -2.0751 -2.1680 -2.2624 -2.3585 
-2.4563 -2.5556 -2.6566 -2.7581 -2.8604 -2.9627 -3.0644 -3.1649 -3.2634 
-3.3594 -3.4502 -3.5359 -3.6155 -3.6879 -3.7529 -3.8096 -3.8578 -3.8979 
-3.9298 -3.9539 -3.9709 -3.9810 -3.9848 -3.9823 -3.9749 -3.9623 -3.9450 
-3.9235 -3.8981 -3.8691 -3.8368 -3.8020 -3.7645 -3.7246 -3.6828 -3.6389 
-3.5934 -3.5462 -3.4977 -3.4479 -3.3967 -3.3443 -3.2908 -3.2361 -3.1801 
-3.1231 -3.0650 -3.0059 -2.9458 -2.8847 -2.8228 -2.7599 -2.6963 -2.6319 
-2.5670 -2.5014 -2.4353 -2.3687 -2.3017 -2.2344 -2.1668 -2.0990 -2.0310 
-1.9629 -1.8947 -1.8266 -1.7586 -1.6908 -1.6232 -1.5560 -1.4892 -1.4230 
-1.3574 -1.2927 -1.2292 -1.1667 -1.1058 -1.0467 -0.9895 -0.9345 -0.8819 
-0.7086 -0.7948 -0.8815 -0.9685 -1.0556 -1.1434 -1.2278 -1.3128 -1.4002 
-1.4897 -1.5806 -1.6730 -1.7675 -1.8641 -1.9630 -2.0643 -2.1679 -2.2736 
-2.3815 -2.4913 -2.6031 -2.7153 -2.8280 -2.9405 -3.0514 -3.1603 -3.2655 
-3.3661 -3.4595 -3.5450 -3.6223 -3.6900 -3.7481 -3.7958 -3.8328 -3.8602 
-3.8781 -3.8869 -3.8879 -3.8812 -3.8680 -3.8488 -3.8251 -3.7971 -3.7651 
-3.7300 -3.6918 -3.6511 -3.6080 -3.5632 -3.5165 -3.4682 -3.4185 -3.3674 
-3.3149 -3.2612 -3.2065 -3.1505 -3.0935 -3.0355 -2.9765 -2.9165 -2.8555 
-2.7937 -2.7311 -2.6678 -2.6037 -2.5390 -2.4737 -2.4078 -2.3415 -2.2749 
-2.2078 -2.1405 -2.0729 -2.0052 -1.9373 -1.8694 -1.8016 -1.7338 -1.6663 
-1.5990 -1.5320 -1.4655 -1.3996 -1.3346 -1.2703 -1.2072 -1.1454 -1.0850 
-1.0265 -0.9697 -0.9158 -0.8648 -0.8168 -0.7725 -0.7320 -0.6957 -0.6639 
-0.5737 -0.6578 -0.7433 -0.8301 -0.9182 -1.0081 -1.0969 -1.1867 -1.2794 
-1.3749 -1.4727 -1.5727 -1.6752 -1.7805 -1.8886 -1.9994 -2.1129 -2.2286 
-2.3464 -2.4657 -2.5866 -2.7069 -2.8258 -2.9435 -3.0570 -3.1662 -3.2694 
-3.3652 -3.4515 -3.5274 -3.5929 -3.6468 -3.6893 -3.7204 -3.7400 -3.7500 
-3.7512 -3.7433 -3.7287 -3.7074 -3.6805 -3.6487 -3.6133 -3.5747 -3.5328 
-3.4887 -3.4423 -3.3939 -3.3439 -3.2924 -3.2395 -3.1853 -3.1300 -3.0735 
-3.0159 -2.9572 -2.8977 -2.8372 -2.7759 -2.7137 -2.6508 -2.5872 -2.5229 
-2.4580 -2.3926 -2.3267 -2.2604 -2.1938 -2.1268 -2.0595 -1.9921 -1.9246 
-1.8570 -1.7894 -1.7220 -1.6546 -1.5875 -1.5208 -1.4547 -1.3890 -1.3242 
-1.2603 -1.1974 -1.1358 -1.0755 -1.0175 -0.9615 -0.9079 -0.8574 -0.8099 
-0.7660 -0.7262 -0.6905 -0.6593 -0.6327 -0.6103 -0.5918 -0.5772 -0.5658 
-0.4378 -0.5249 -0.6140 -0.7051 -0.7982 -0.8935 -0.9918 -1.0922 -1.1933 
-1.2939 -1.3986 -1.5073 -1.6187 -1.7331 -1.8501 -1.9694 -2.0914 -2.2145 
-2.3387 -2.4628 -2.5864 -2.7073 -2.8238 -2.9368 -3.0427 -3.1414 -3.2317 
-3.3123 -3.3824 -3.4415 -3.4894 -3.5264 -3.5524 -3.5679 -3.5732 -3.5697 
-3.5587 -3.5395 -3.5144 -3.4836 -3.4480 -3.4083 -3.3654 -3.3199 -3.2717 
-3.2216 -3.1696 -3.1160 -3.0609 -3.0045 -2.9471 -2.8885 -2.8289 -2.7685 
-2.7071 -2.6449 -2.5819 -2.5184 -2.4542 -2.3894 -2.3240 -2.2582 -2.1921 
-2.1256 -2.0588 -1.9919 -1.9247 -1.8574 -1.7902 -1.7229 -1.6558 -1.5891 
-1.5226 -1.4566 -1.3912 -1.3264 -1.2626 -1.1995 -1.1381 -1.0781 -1.0199 
-0.9640 -0.9103 -0.8594 -0.8117 -0.7675 -0.7276 -0.6918 -0.6604 -0.6333 
-0.6107 -0.5922 -0.5777 -0.5661 -0.5569 -0.5502 -0.5450 -0.5412 -0.5385 
-0.3182 -0.4110 -0.5061 -0.6039 -0.7043 -0.8074 -0.9134 -1.0221 -1.1321 
-1.2422 -1.3556 -1.4724 -1.5915 -1.7131 -1.8364 -1.9600 -2.0849 -2.2083 
-2.3301 -2.4494 -2.5645 -2.6746 -2.7777 -2.8748 -2.9639 -3.0448 -3.1175 
-3.1810 -3.2352 -3.2796 -3.3144 -3.3395 -3.3549 -3.3610 -3.3577 -3.3461 
-3.3277 -3.3016 -3.2700 -3.2332 -3.1920 -3.1469 -3.0988 -3.0486 -2.9959 
-2.9414 -2.8853 -2.8278 -2.7690 -2.7091 -2.6483 -2.5866 -2.5241 -2.4608 
-2.3970 -2.3325 -2.2675 -2.2021 -2.1363 -2.0701 -2.0037 -1.9371 -1.8703 
-1.8034 -1.7366 -1.6698 -1.6033 -1.5370 -1.4710 -1.4057 -1.3408 -1.2769 
-1.2140 -1.1523 -1.0922 -1.0336 -0.9770 -0.9226 -0.8709 -0.8228 -0.7777 
-0.7366 -0.6998 -0.6672 -0.6390 -0.6157 -0.5961 -0.5801 -0.5679 -0.5581 
-0.5508 -0.5454 -0.5414 -0.5385 -0.5363 -0.5348 -0.5337 -0.5330 -0.5325 
-0.2214 -0.3214 -0.4241 -0.5297 -0.6381 -0.7490 -0.8626 -0.9788 -1.0961 
-1.2141 -1.3336 -1.4549 -1.5773 -1.6995 -1.8214 -1.9403 -2.0572 -2.1699 
-2.2782 -2.3816 -2.4794 -2.5714 -2.6572 -2.7371 -2.8104 -2.8769 -2.9369 
-2.9892 -3.0338 -3.0697 -3.0973 -3.1158 -3.1252 -3.1259 -3.1175 -3.1007 
-3.0774 -3.0467 -3.0106 -2.9695 -2.9242 -2.8753 -2.8235 -2.7697 -2.7136 
-2.6560 -2.5970 -2.5367 -2.4753 -2.4130 -2.3501 -2.2864 -2.2222 -2.1574 
-2.0921 -2.0266 -1.9606 -1.8945 -1.8282 -1.7618 -1.6955 -1.6294 -1.5633 
-1.4974 -1.4322 -1.3674 -1.3033 -1.2403 -1.1783 -1.1175 -1.0580 -1.0006 
-0.9457 -0.8928 -0.8431 -0.7967 -0.7539 -0.7150 -0.6805 -0.6503 -0.6246 
-0.6033 -0.5857 -0.5718 -0.5611 -0.5529 -0.5469 -0.5420 -0.5387 -0.5362 
-0.5345 -0.5333 -0.5325 -0.5319 -0.5316 -0.5314 -0.5313 -0.5313 -0.5314 
-0.1485 -0.2560 -0.3664 -0.4792 -0.5943 -0.7116 -0.8304 -0.9513 -1.0714 
-1.1912 -1.3100 -1.4278 -1.5435 -1.6559 -1.7647 -1.8691 -1.9693 -2.0649 
-2.1558 -2.2424 -2.3242 -2.4020 -2.4751 -2.5438 -2.6073 -2.6653 -2.7182 
-2.7641 -2.8036 -2.8348 -2.8581 -2.8726 -2.8780 -2.8750 -2.8628 -2.8420 
-2.8149 -2.7808 -2.7412 -2.6969 -2.6486 -2.5969 -2.5423 -2.4860 -2.4278 
-2.3681 -2.3071 -2.2452 -2.1823 -2.1188 -2.0547 -1.9902 -1.9252 -1.8599 
-1.7945 -1.7288 -1.6631 -1.5976 -1.5323 -1.4672 -1.4026 -1.3385 -1.2752 
-1.2126 -1.1513 -1.0916 -1.0332 -0.9769 -0.9228 -0.8714 -0.8229 -0.7776 
-0.7365 -0.6994 -0.6666 -0.6382 -0.6142 -0.5945 -0.5786 -0.5663 -0.5562 
-0.5490 -0.5434 -0.5393 -0.5363 -0.5343 -0.5329 -0.5319 -0.5312 -0.5308 
-0.5306 -0.5306 -0.5306 -0.5307 -0.5309 -0.5310 -0.5312 -0.5314 -0.5316 
-0.0964 -0.2100 -0.3258 -0.4430 -0.5612 -0.6798 -0.7981 -0.9157 -1.0305 
-1.1426 -1.2514 -1.3564 -1.4564 -1.5528 -1.6452 -1.7341 -1.8194 -1.9011 
-1.9795 -2.0551 -2.1272 -2.1965 -2.2621 -2.3242 -2.3822 -2.4352 -2.4837 
-2.5258 -2.5617 -2.5895 -2.6094 -2.6206 -2.6228 -2.6164 -2.6011 -2.5771 
-2.5470 -2.5103 -2.4682 -2.4217 -2.3714 -2.3180 -2.2620 -2.2043 -2.1449 
-2.0843 -2.0227 -1.9602 -1.8970 -1.8332 -1.7692 -1.7049 -1.6405 -1.5760 
-1.5116 -1.4473 -1.3834 -1.3202 -1.2577 -1.1960 -1.1355 -1.0763 -1.0188 
-0.9631 -0.9094 -0.8589 -0.8114 -0.7672 -0.7270 -0.6907 -0.6588 -0.6315 
-0.6086 -0.5893 -0.5742 -0.5621 -0.5528 -0.5459 -0.5407 -0.5372 -0.5344 
-0.5325 -0.5312 -0.5304 -0.5299 -0.5297 -0.5296 -0.5297 -0.5298 -0.5300 
-0.5302 -0.5305 -0.5307 -0.5310 -0.5312 -0.5314 -0.5316 -0.5318 -0.5319 
-0.0537 -0.1693 -0.2852 -0.4006 -0.5145 -0.6266 -0.7357 -0.8413 -0.9432 
-1.0412 -1.1353 -1.2257 -1.3129 -1.3965 -1.4772 -1.5553 -1.6308 -1.7037 
-1.7743 -1.8432 -1.9093 -1.9733 -2.0340 -2.0918 -2.1458 -2.1951 -2.2401 
-2.2789 -2.3114 -2.3360 -2.3525 -2.3606 -2.3597 -2.3503 -2.3322 -2.3059 
-2.2736 -2.2353 -2.1918 -2.1443 -2.0932 -2.0392 -1.9828 -1.9250 -1.8658 
-1.8054 -1.7442 -1.6823 -1.6201 -1.5574 -1.4947 -1.4322 -1.3698 -1.3078 
-1.2464 -1.1858 -1.1260 -1.0674 -1.0109 -0.9559 -0.9032 -0.8533 -0.8062 
-0.7624 -0.7224 -0.6865 -0.6550 -0.6279 -0.6050 -0.5862 -0.5711 -0.5593 
-0.5506 -0.5437 -0.5386 -0.5350 -0.5323 -0.5306 -0.5295 -0.5288 -0.5285 
-0.5283 -0.5284 -0.5286 -0.5288 -0.5291 -0.5295 -0.5298 -0.5301 -0.5304 
-0.5307 -0.5310 -0.5312 -0.5314 -0.5316 -0.5318 -0.5320 -0.5321 -0.5323 
-0.0004 -0.1114 -0.2202 -0.3266 -0.4296 -0.5292 -0.6254 -0.7176 -0.8066 
-0.8925 -0.9753 -1.0553 -1.1330 -1.2083 -1.2814 -1.3527 -1.4223 -1.4902 
-1.5559 -1.6201 -1.6821 -1.7420 -1.7990 -1.8529 -1.9034 -1.9491 -1.9902 
-2.0255 -2.0543 -2.0754 -2.0885 -2.0933 -2.0897 -2.0777 -2.0578 -2.0301 
-1.9967 -1.9581 -1.9143 -1.8670 -1.8164 -1.7632 -1.7079 -1.6511 -1.5934 
-1.5346 -1.4754 -1.4157 -1.3559 -1.2961 -1.2366 -1.1780 -1.1199 -1.0630 
-1.0074 -0.9535 -0.9015 -0.8517 -0.8051 -0.7619 -0.7219 -0.6861 -0.6545 
-0.6271 -0.6039 -0.5853 -0.5698 -0.5578 -0.5485 -0.5415 -0.5364 -0.5328 
-0.5304 -0.5286 -0.5275 -0.5269 -0.5267 -0.5267 -0.5269 -0.5272 -0.5276 
-0.5280 -0.5285 -0.5289 -0.5293 -0.5297 -0.5301 -0.5304 -0.5307 -0.5310 
-0.5313 -0.5315 -0.5317 -0.5319 -0.5320 -0.5322 -0.5323 -0.5324 -0.5325 
 0.0836 -0.0175 -0.1154 -0.2103 -0.3018 -0.3901 -0.4755 -0.5578 -0.6375 
-0.7150 -0.7902 -0.8634 -0.9349 -1.0047 -1.0727 -1.1393 -1.2045 -1.2683 
-1.3301 -1.3903 -1.4487 -1.5048 -1.5581 -1.6081 -1.6548 -1.6966 -1.7336 
-1.7650 -1.7897 -1.8072 -1.8169 -1.8188 -1.8129 -1.7992 -1.7783 -1.7506 
-1.7173 -1.6797 -1.6371 -1.5915 -1.5429 -1.4920 -1.4392 -1.3852 -1.3306 
-1.2752 -1.2198 -1.1644 -1.1094 -1.0551 -1.0014 -0.9495 -0.8993 -0.8510 
-0.8055 -0.7627 -0.7232 -0.6873 -0.6555 -0.6277 -0.6043 -0.5847 -0.5687 
-0.5563 -0.5467 -0.5397 -0.5344 -0.5304 -0.5279 -0.5261 -0.5251 -0.5246 
-0.5246 -0.5247 -0.5250 -0.5255 -0.5260 -0.5266 -0.5272 -0.5277 -0.5283 
-0.5288 -0.5293 -0.5297 -0.5301 -0.5304 -0.5307 -0.5310 -0.5313 -0.5315 
-0.5317 -0.5319 -0.5320 -0.5322 -0.5323 -0.5324 -0.5325 -0.5325 -0.5326 
 0.2028  0.1116  0.0232 -0.0624 -0.1451 -0.2250 -0.3030 -0.3783 -0.4517 
-0.5234 -0.5935 -0.6618 -0.7284 -0.7942 -0.8580 -0.9207 -0.9820 -1.0421 
-1.1002 -1.1564 -1.2112 -1.2632 -1.3126 -1.3581 -1.4006 -1.4381 -1.4705 
-1.4978 -1.5183 -1.5322 -1.5390 -1.5386 -1.5312 -1.5170 -1.4965 -1.4699 
-1.4383 -1.4030 -1.3634 -1.3211 -1.2763 -1.2296 -1.1814 -1.1321 -1.0829 
-1.0335 -0.9845 -0.9364 -0.8894 -0.8439 -0.8003 -0.7591 -0.7211 -0.6862 
-0.6548 -0.6272 -0.6035 -0.5836 -0.5677 -0.5548 -0.5445 -0.5371 -0.5314 
-0.5274 -0.5248 -0.5232 -0.5222 -0.5218 -0.5218 -0.5221 -0.5226 -0.5233 
-0.5240 -0.5248 -0.5255 -0.5262 -0.5269 -0.5276 -0.5282 -0.5287 -0.5292 
-0.5297 -0.5301 -0.5304 -0.5308 -0.5310 -0.5313 -0.5315 -0.5317 -0.5319 
-0.5320 -0.5321 -0.5322 -0.5323 -0.5324 -0.5324 -0.5324 -0.5323 -0.5322 
 0.3469  0.2636  0.1826  0.1038  0.0275 -0.0464 -0.1192 -0.1892 -0.2579 
-0.3251 -0.3911 -0.4553 -0.5176 -0.5801 -0.6399 -0.6990 -0.7565 -0.8128 
-0.8670 -0.9188 -0.9697 -1.0170 -1.0618 -1.1028 -1.1405 -1.1733 -1.2012 
-1.2243 -1.2411 -1.2520 -1.2567 -1.2551 -1.2475 -1.2340 -1.2154 -1.1917 
-1.1633 -1.1321 -1.0975 -1.0605 -1.0219 -0.9817 -0.9407 -0.8992 -0.8582 
-0.8186 -0.7794 -0.7425 -0.7077 -0.6754 -0.6461 -0.6201 -0.5975 -0.5783 
-0.5626 -0.5498 -0.5399 -0.5324 -0.5270 -0.5232 -0.5204 -0.5190 -0.5181 
-0.5179 -0.5181 -0.5187 -0.5195 -0.5204 -0.5213 -0.5223 -0.5233 -0.5242 
-0.5251 -0.5260 -0.5267 -0.5274 -0.5281 -0.5286 -0.5292 -0.5296 -0.5300 
-0.5304 -0.5307 -0.5310 -0.5312 -0.5314 -0.5316 -0.5318 -0.5319 -0.5319 
-0.5320 -0.5320 -0.5319 -0.5318 -0.5315 -0.5312 -0.5307 -0.5300 -0.5291 
 0.5041  0.4265  0.3509  0.2772  0.2058  0.1368  0.0682  0.0024 -0.0623 
-0.1256 -0.1877 -0.2481 -0.3065 -0.3653 -0.4213 -0.4764 -0.5297 -0.5818 
-0.6316 -0.6788 -0.7250 -0.7672 -0.8073 -0.8434 -0.8762 -0.9047 -0.9285 
-0.9481 -0.9621 -0.9711 -0.9750 -0.9736 -0.9674 -0.9566 -0.9415 -0.9224 
-0.8997 -0.8747 -0.8477 -0.8187 -0.7889 -0.7585 -0.7281 -0.6984 -0.6695 
-0.6429 -0.6184 -0.5963 -0.5771 -0.5608 -0.5474 -0.5368 -0.5286 -0.5222 
-0.5179 -0.5148 -0.5130 -0.5121 -0.5119 -0.5122 -0.5129 -0.5139 -0.5150 
-0.5163 -0.5177 -0.5190 -0.5203 -0.5215 -0.5227 -0.5238 -0.5248 -0.5257 
-0.5265 -0.5273 -0.5279 -0.5285 -0.5290 -0.5295 -0.5299 -0.5303 -0.5306 
-0.5308 -0.5311 -0.5312 -0.5313 -0.5314 -0.5314 -0.5314 -0.5312 -0.5309 
-0.5305 -0.5299 -0.5291 -0.5280 -0.5266 -0.5249 -0.5227 -0.5203 -0.5177 
 0.6719  0.5991  0.5283  0.4591  0.3919  0.3272  0.2625  0.2010  0.1402 
 0.0809  0.0228 -0.0337 -0.0881 -0.1427 -0.1943 -0.2450 -0.2937 -0.3409 
-0.3858 -0.4281 -0.4690 -0.5062 -0.5411 -0.5725 -0.6008 -0.6254 -0.6461 
-0.6632 -0.6761 -0.6848 -0.6897 -0.6908 -0.6882 -0.6823 -0.6733 -0.6617 
-0.6477 -0.6321 -0.6161 -0.5989 -0.5819 -0.5656 -0.5502 -0.5363 -0.5244 
-0.5146 -0.5069 -0.5017 -0.4981 -0.4962 -0.4957 -0.4960 -0.4971 -0.4984 
-0.5001 -0.5020 -0.5040 -0.5061 -0.5082 -0.5103 -0.5123 -0.5142 -0.5161 
-0.5178 -0.5194 -0.5208 -0.5221 -0.5233 -0.5244 -0.5254 -0.5263 -0.5270 
-0.5277 -0.5283 -0.5288 -0.5293 -0.5297 -0.5300 -0.5303 -0.5305 -0.5306 
-0.5307 -0.5306 -0.5305 -0.5302 -0.5297 -0.5290 -0.5281 -0.5269 -0.5253 
-0.5234 -0.5211 -0.5185 -0.5158 -0.5129 -0.5102 -0.5077 -0.5055 -0.5037 
 0.8422  0.7739  0.7073  0.6423  0.5792  0.5186  0.4582  0.4002  0.3437 
 0.2886  0.2348  0.1826  0.1325  0.0828  0.0357 -0.0101 -0.0539 -0.0959 
-0.1358 -0.1732 -0.2088 -0.2415 -0.2717 -0.2993 -0.3242 -0.3463 -0.3655 
-0.3820 -0.3957 -0.4065 -0.4149 -0.4212 -0.4249 -0.4270 -0.4274 -0.4267 
-0.4252 -0.4230 -0.4215 -0.4206 -0.4205 -0.4217 -0.4243 -0.4284 -0.4338 
-0.4405 -0.4474 -0.4549 -0.4622 -0.4692 -0.4757 -0.4816 -0.4869 -0.4917 
-0.4961 -0.4999 -0.5034 -0.5066 -0.5095 -0.5120 -0.5144 -0.5164 -0.5183 
-0.5200 -0.5215 -0.5228 -0.5239 -0.5250 -0.5259 -0.5267 -0.5273 -0.5279 
-0.5285 -0.5289 -0.5292 -0.5295 -0.5296 -0.5296 -0.5295 -0.5293 -0.5289 
-0.5282 -0.5272 -0.5259 -0.5243 -0.5222 -0.5199 -0.5172 -0.5145 -0.5117 
-0.5091 -0.5067 -0.5046 -0.5029 -0.5015 -0.5003 -0.4995 -0.4988 -0.4983 
 1.0145  0.9503  0.8880  0.8273  0.7684  0.7117  0.6556  0.6019  0.5499 
 0.4992  0.4500  0.4024  0.3568  0.3125  0.2701  0.2295  0.1906  0.1536 
 0.1184  0.0855  0.0544  0.0253 -0.0016 -0.0268 -0.0502 -0.0717 -0.0916 
-0.1100 -0.1272 -0.1431 -0.1580 -0.1725 -0.1865 -0.2003 -0.2143 -0.2285 
-0.2435 -0.2595 -0.2765 -0.2943 -0.3132 -0.3326 -0.3521 -0.3715 -0.3902 
-0.4079 -0.4239 -0.4383 -0.4511 -0.4622 -0.4718 -0.4799 -0.4868 -0.4928 
-0.4980 -0.5024 -0.5062 -0.5095 -0.5124 -0.5148 -0.5170 -0.5189 -0.5205 
-0.5220 -0.5232 -0.5243 -0.5252 -0.5261 -0.5267 -0.5273 -0.5277 -0.5280 
-0.5282 -0.5283 -0.5281 -0.5278 -0.5271 -0.5262 -0.5250 -0.5233 -0.5213 
-0.5190 -0.5164 -0.5137 -0.5110 -0.5084 -0.5060 -0.5040 -0.5023 -0.5009 
-0.4999 -0.4990 -0.4984 -0.4980 -0.4976 -0.4974 -0.4972 -0.4971 -0.4970 
 1.1881  1.1282  1.0702  1.0138  0.9590  0.9066  0.8556  0.8063  0.7589 
 0.7130  0.6686  0.6258  0.5850  0.5457  0.5079  0.4722  0.4379  0.4052 
 0.3741  0.3445  0.3165  0.2894  0.2638  0.2390  0.2147  0.1911  0.1676 
 0.1440  0.1200  0.0955  0.0700  0.0432  0.0147 -0.0153 -0.0468 -0.0801 
-0.1148 -0.1504 -0.1873 -0.2230 -0.2580 -0.2915 -0.3227 -0.3516 -0.3776 
-0.4005 -0.4206 -0.4379 -0.4526 -0.4651 -0.4754 -0.4839 -0.4910 -0.4970 
-0.5020 -0.5062 -0.5098 -0.5128 -0.5153 -0.5174 -0.5193 -0.5209 -0.5222 
-0.5233 -0.5243 -0.5251 -0.5257 -0.5261 -0.5264 -0.5265 -0.5263 -0.5258 
-0.5251 -0.5240 -0.5225 -0.5206 -0.5184 -0.5159 -0.5132 -0.5105 -0.5079 
-0.5056 -0.5036 -0.5019 -0.5005 -0.4994 -0.4986 -0.4980 -0.4975 -0.4972 
-0.4969 -0.4968 -0.4966 -0.4966 -0.4965 -0.4965 -0.4965 -0.4964 -0.4965 
 1.3628  1.3074  1.2539  1.2021  1.1519  1.1040  1.0579  1.0131  0.9705 
 0.9293  0.8898  0.8517  0.8153  0.7806  0.7469  0.7151  0.6844  0.6547 
 0.6261  0.5982  0.5711  0.5439  0.5171  0.4902  0.4620  0.4329  0.4023 
 0.3696  0.3348  0.2972  0.2566  0.2127  0.1662  0.1162  0.0644  0.0114 
-0.0424 -0.0957 -0.1474 -0.1961 -0.2411 -0.2826 -0.3199 -0.3530 -0.3818 
-0.4064 -0.4274 -0.4453 -0.4598 -0.4720 -0.4818 -0.4898 -0.4963 -0.5017 
-0.5062 -0.5098 -0.5129 -0.5154 -0.5175 -0.5193 -0.5207 -0.5219 -0.5228 
-0.5235 -0.5239 -0.5240 -0.5239 -0.5235 -0.5226 -0.5214 -0.5198 -0.5178 
-0.5155 -0.5129 -0.5102 -0.5077 -0.5054 -0.5033 -0.5015 -0.5001 -0.4990 
-0.4981 -0.4974 -0.4969 -0.4966 -0.4963 -0.4962 -0.4960 -0.4960 -0.4959 
-0.4959 -0.4959 -0.4959 -0.4959 -0.4959 -0.4959 -0.4960 -0.4960 -0.4960 
 1.5388  1.4877  1.4386  1.3914  1.3461  1.3029  1.2616  1.2213  1.1832 
 1.1465  1.1111  1.0772  1.0446  1.0134  0.9827  0.9535  0.9249  0.8964 
 0.8682  0.8398  0.8109  0.7810  0.7499  0.7173  0.6818  0.6430  0.6013 
 0.5553  0.5051  0.4503  0.3910  0.3262  0.2595  0.1904  0.1196  0.0503 
-0.0176 -0.0823 -0.1426 -0.1979 -0.2478 -0.2923 -0.3315 -0.3654 -0.3943 
-0.4185 -0.4385 -0.4555 -0.4687 -0.4798 -0.4885 -0.4956 -0.5012 -0.5057 
-0.5095 -0.5125 -0.5150 -0.5169 -0.5184 -0.5196 -0.5204 -0.5208 -0.5208 
-0.5205 -0.5197 -0.5185 -0.5168 -0.5147 -0.5125 -0.5100 -0.5075 -0.5051 
-0.5030 -0.5011 -0.4996 -0.4984 -0.4974 -0.4967 -0.4962 -0.4958 -0.4955 
-0.4953 -0.4952 -0.4951 -0.4951 -0.4951 -0.4951 -0.4951 -0.4951 -0.4951 
-0.4952 -0.4952 -0.4952 -0.4953 -0.4954 -0.4954 -0.4955 -0.4955 -0.4956 
 1.7144  1.6677  1.6232  1.5805  1.5396  1.5006  1.4635  1.4274  1.3931 
 1.3601  1.3280  1.2970  1.2669  1.2376  1.2084  1.1798  1.1513  1.1217 
 1.0912  1.0595  1.0257  0.9896  0.9505  0.9079  0.8611  0.8088  0.7512 
 0.6881  0.6192  0.5447  0.4653  0.3816  0.2966  0.2130  0.1289  0.0492 
-0.0260 -0.0960 -0.1597 -0.2169 -0.2679 -0.3122 -0.3507 -0.3833 -0.4105 
-0.4328 -0.4508 -0.4659 -0.4775 -0.4870 -0.4945 -0.5003 -0.5049 -0.5085 
-0.5114 -0.5136 -0.5152 -0.5162 -0.5167 -0.5167 -0.5161 -0.5151 -0.5136 
-0.5117 -0.5095 -0.5072 -0.5048 -0.5026 -0.5007 -0.4990 -0.4977 -0.4966 
-0.4958 -0.4952 -0.4948 -0.4945 -0.4943 -0.4941 -0.4940 -0.4940 -0.4940 
-0.4940 -0.4940 -0.4940 -0.4941 -0.4941 -0.4942 -0.4942 -0.4943 -0.4944 
-0.4945 -0.4946 -0.4947 -0.4948 -0.4949 -0.4950 -0.4951 -0.4952 -0.4954 
 1.8900  1.8476  1.8073  1.7687  1.7318  1.6964  1.6626  1.6297  1.5982 
 1.5677  1.5377  1.5082  1.4790  1.4497  1.4200  1.3897  1.3586  1.3255 
 1.2895  1.2514  1.2094  1.1634  1.1123  1.0560  0.9933  0.9242  0.8484 
 0.7657  0.6781  0.5855  0.4892  0.3915  0.2940  0.2007  0.1104  0.0260 
-0.0520 -0.1233 -0.1871 -0.2434 -0.2930 -0.3353 -0.3714 -0.4015 -0.4261 
-0.4459 -0.4614 -0.4744 -0.4842 -0.4921 -0.4981 -0.5027 -0.5061 -0.5085 
-0.5101 -0.5109 -0.5111 -0.5106 -0.5095 -0.5079 -0.5059 -0.5039 -0.5018 
-0.4998 -0.4981 -0.4966 -0.4954 -0.4945 -0.4938 -0.4933 -0.4930 -0.4927 
-0.4926 -0.4925 -0.4925 -0.4925 -0.4925 -0.4925 -0.4926 -0.4926 -0.4927 
-0.4928 -0.4929 -0.4930 -0.4931 -0.4932 -0.4933 -0.4934 -0.4936 -0.4938 
-0.4939 -0.4941 -0.4943 -0.4945 -0.4946 -0.4948 -0.4949 -0.4950 -0.4951 
 2.0616  2.0227  1.9859  1.9507  1.9168  1.8841  1.8526  1.8219  1.7919 
 1.7625  1.7331  1.7033  1.6732  1.6420  1.6096  1.5752  1.5386  1.4992 
 1.4549  1.4066  1.3529  1.2930  1.2268  1.1535  1.0725  0.9846  0.8914 
 0.7909  0.6876  0.5817  0.4744  0.3685  0.2646  0.1670  0.0747 -0.0105 
-0.0880 -0.1578 -0.2195 -0.2729 -0.3194 -0.3585 -0.3912 -0.4180 -0.4395 
-0.4565 -0.4695 -0.4801 -0.4881 -0.4940 -0.4983 -0.5013 -0.5029 -0.5035 
-0.5034 -0.5026 -0.5013 -0.4998 -0.4981 -0.4964 -0.4949 -0.4936 -0.4926 
-0.4919 -0.4913 -0.4909 -0.4907 -0.4905 -0.4904 -0.4904 -0.4904 -0.4905 
-0.4905 -0.4906 -0.4907 -0.4908 -0.4909 -0.4910 -0.4912 -0.4913 -0.4914 
-0.4916 -0.4918 -0.4920 -0.4922 -0.4925 -0.4927 -0.4930 -0.4932 -0.4935 
-0.4937 -0.4939 -0.4941 -0.4943 -0.4944 -0.4946 -0.4947 -0.4948 -0.4949 
 2.4300  2.3966  2.3641  2.3322  2.3006  2.2704  2.2387  2.2068  2.1744 
 2.1407  2.1051  2.0672  2.0263  1.9816  1.9325  1.8781  1.8178  1.7507 
 1.6762  1.5942  1.5045  1.4073  1.3034  1.1934  1.0786  0.9602  0.8395 
 0.7181  0.5973  0.4789  0.3642  0.2546  0.1516  0.0562 -0.0309 -0.1091 
-0.1783 -0.2387 -0.2904 -0.3340 -0.3701 -0.3993 -0.4225 -0.4405 -0.4541 
-0.4640 -0.4709 -0.4756 -0.4786 -0.4803 -0.4812 -0.4816 -0.4818 -0.4819 
-0.4819 -0.4820 -0.4822 -0.4824 -0.4826 -0.4828 -0.4831 -0.4833 -0.4836 
-0.4838 -0.4841 -0.4843 -0.4846 -0.4848 -0.4851 -0.4854 -0.4857 -0.4861 
-0.4865 -0.4869 -0.4873 -0.4878 -0.4883 -0.4889 -0.4894 -0.4899 -0.4904 
-0.4909 -0.4913 -0.4917 -0.4921 -0.4924 -0.4927 -0.4930 -0.4933 -0.4935 
-0.4937 -0.4939 -0.4940 -0.4942 -0.4943 -0.4944 -0.4944 -0.4945 -0.4946 
 2.7540  2.7205  2.6863  2.6517  2.6163  2.5801  2.5434  2.5003  2.4559 
 2.4075  2.3543  2.2955  2.2304  2.1582  2.0785  1.9912  1.8961  1.7936 
 1.6843  1.5692  1.4489  1.3250  1.1983  1.0698  0.9407  0.8122  0.6852 
 0.5612  0.4411  0.3264  0.2183  0.1177  0.0257 -0.0573 -0.1308 -0.1949 
-0.2499 -0.2961 -0.3343 -0.3652 -0.3897 -0.4089 -0.4237 -0.4350 -0.4436 
-0.4502 -0.4552 -0.4591 -0.4621 -0.4645 -0.4665 -0.4680 -0.4693 -0.4704 
-0.4713 -0.4721 -0.4728 -0.4735 -0.4742 -0.4748 -0.4755 -0.4762 -0.4769 
-0.4777 -0.4786 -0.4795 -0.4805 -0.4815 -0.4825 -0.4835 -0.4845 -0.4854 
-0.4863 -0.4871 -0.4879 -0.4886 -0.4893 -0.4899 -0.4904 -0.4909 -0.4913 
-0.4916 -0.4919 -0.4922 -0.4924 -0.4926 -0.4928 -0.4929 -0.4930 -0.4931 
-0.4932 -0.4932 -0.4933 -0.4933 -0.4933 -0.4933 -0.4933 -0.4933 -0.4933 
 3.0216  2.9816  2.9402  2.8959  2.8490  2.7973  2.7465  2.6872  2.6133 
 2.5383  2.4558  2.3654  2.2672  2.1615  2.0491  1.9307  1.8074  1.6801 
 1.5498  1.4175  1.2841  1.1504  1.0173  0.8858  0.7567  0.6312  0.5100 
 0.3943  0.2855  0.1842  0.0912  0.0069 -0.0683 -0.1347 -0.1924 -0.2422 
-0.2844 -0.3197 -0.3489 -0.3726 -0.3916 -0.4067 -0.4185 -0.4278 -0.4349 
-0.4405 -0.4449 -0.4483 -0.4511 -0.4534 -0.4554 -0.4572 -0.4588 -0.4605 
-0.4621 -0.4638 -0.4656 -0.4674 -0.4693 -0.4712 -0.4731 -0.4749 -0.4767 
-0.4783 -0.4799 -0.4813 -0.4826 -0.4838 -0.4849 -0.4858 -0.4867 -0.4874 
-0.4881 -0.4886 -0.4891 -0.4895 -0.4898 -0.4901 -0.4903 -0.4905 -0.4907 
-0.4908 -0.4909 -0.4910 -0.4910 -0.4911 -0.4911 -0.4911 -0.4911 -0.4911 
-0.4911 -0.4911 -0.4911 -0.4911 -0.4912 -0.4912 -0.4912 -0.4913 -0.4913 
 3.2263  3.1732  3.1160  3.0536  2.9850  2.9093  2.8216  2.7643  2.6510 
 2.5295  2.4157  2.2957  2.1704  2.0408  1.9079  1.7728  1.6363  1.4991 
 1.3621  1.2261  1.0917  0.9597  0.8309  0.7062  0.5864  0.4721  0.3643 
 0.2631  0.1693  0.0829  0.0043 -0.0664 -0.1294 -0.1846 -0.2324 -0.2730 
-0.3070 -0.3351 -0.3579 -0.3761 -0.3905 -0.4020 -0.4110 -0.4183 -0.4243 
-0.4294 -0.4338 -0.4379 -0.4417 -0.4455 -0.4491 -0.4527 -0.4561 -0.4595 
-0.4627 -0.4657 -0.4685 -0.4711 -0.4734 -0.4755 -0.4773 -0.4789 -0.4803 
-0.4816 -0.4826 -0.4835 -0.4843 -0.4850 -0.4855 -0.4860 -0.4864 -0.4867 
-0.4869 -0.4871 -0.4873 -0.4874 -0.4875 -0.4876 -0.4877 -0.4877 -0.4878 
-0.4879 -0.4880 -0.4881 -0.4882 -0.4883 -0.4885 -0.4886 -0.4887 -0.4888 
-0.4889 -0.4889 -0.4888 -0.4887 -0.4884 -0.4880 -0.4874 -0.4866 -0.4855 
 3.3571  3.2826  3.2009  3.1115  3.0142  2.9088  2.7918  2.6800  2.6623 
 2.4231  2.2852  2.1480  2.0092  1.8692  1.7292  1.5897  1.4514  1.3149 
 1.1808  1.0496  0.9215  0.7971  0.6771  0.5616  0.4516  0.3475  0.2501 
 0.1599  0.0773  0.0025 -0.0645 -0.1237 -0.1756 -0.2203 -0.2585 -0.2906 
-0.3174 -0.3395 -0.3578 -0.3729 -0.3856 -0.3964 -0.4058 -0.4141 -0.4216 
-0.4284 -0.4346 -0.4403 -0.4456 -0.4505 -0.4549 -0.4589 -0.4625 -0.4656 
-0.4683 -0.4707 -0.4727 -0.4745 -0.4759 -0.4771 -0.4782 -0.4790 -0.4798 
-0.4804 -0.4809 -0.4813 -0.4816 -0.4819 -0.4822 -0.4824 -0.4827 -0.4829 
-0.4832 -0.4834 -0.4837 -0.4839 -0.4842 -0.4844 -0.4846 -0.4847 -0.4848 
-0.4848 -0.4846 -0.4843 -0.4838 -0.4830 -0.4819 -0.4805 -0.4788 -0.4768 
-0.4746 -0.4723 -0.4701 -0.4679 -0.4660 -0.4644 -0.4631 -0.4621 -0.4613 
 3.4042  3.3032  3.1938  3.0767  2.9528  2.8231  2.6883  2.5192  2.6194 
 2.3373  2.1263  1.9840  1.8424  1.7023  1.5635  1.4266  1.2917  1.1589 
 1.0286  0.9013  0.7774  0.6577  0.5434  0.4352  0.3341  0.2405  0.1547 
 0.0769  0.0066 -0.0565 -0.1126 -0.1622 -0.2058 -0.2438 -0.2767 -0.3048 
-0.3288 -0.3492 -0.3665 -0.3812 -0.3938 -0.4046 -0.4140 -0.4223 -0.4297 
-0.4362 -0.4421 -0.4472 -0.4518 -0.4558 -0.4592 -0.4621 -0.4645 -0.4665 
-0.4682 -0.4696 -0.4708 -0.4718 -0.4726 -0.4734 -0.4740 -0.4746 -0.4752 
-0.4757 -0.4763 -0.4767 -0.4772 -0.4776 -0.4780 -0.4783 -0.4785 -0.4785 
-0.4784 -0.4781 -0.4775 -0.4766 -0.4754 -0.4739 -0.4721 -0.4701 -0.4681 
-0.4660 -0.4642 -0.4626 -0.4613 -0.4602 -0.4594 -0.4588 -0.4584 -0.4581 
-0.4580 -0.4579 -0.4579 -0.4579 -0.4579 -0.4580 -0.4581 -0.4582 -0.4583 
 3.3771  3.2513  3.1197  2.9829  2.8426  2.7001  2.5560  2.3727  2.4342 
 2.3631  1.9819  1.8402  1.6995  1.5598  1.4216  1.2850  1.1461  1.0315 
 0.9528  0.8240  0.6966  0.5749  0.4534  0.3305  0.2399  0.1567  0.0808 
 0.0116 -0.0512 -0.1076 -0.1581 -0.2028 -0.2417 -0.2753 -0.3039 -0.3280 
-0.3483 -0.3653 -0.3796 -0.3918 -0.4024 -0.4116 -0.4197 -0.4268 -0.4331 
-0.4386 -0.4434 -0.4474 -0.4509 -0.4538 -0.4562 -0.4582 -0.4600 -0.4615 
-0.4629 -0.4641 -0.4652 -0.4661 -0.4670 -0.4678 -0.4684 -0.4689 -0.4691 
-0.4692 -0.4690 -0.4685 -0.4676 -0.4665 -0.4651 -0.4635 -0.4618 -0.4602 
-0.4588 -0.4576 -0.4567 -0.4560 -0.4555 -0.4552 -0.4550 -0.4549 -0.4549 
-0.4550 -0.4551 -0.4552 -0.4553 -0.4555 -0.4557 -0.4558 -0.4560 -0.4562 
-0.4564 -0.4566 -0.4568 -0.4570 -0.4571 -0.4572 -0.4574 -0.4575 -0.4576 
 3.3042  3.1631  3.0191  2.8737  2.7274  2.5816  2.4358  2.2902  2.1247 
 2.4703  1.8869  1.7127  1.5703  1.4292  1.2902  1.1538  1.0171  0.9401 
 0.8170  0.6903  0.5683  0.4540  0.3330  0.2392  0.1549  0.0778  0.0079 
-0.0548 -0.1108 -0.1601 -0.2030 -0.2400 -0.2716 -0.2983 -0.3208 -0.3398 
-0.3560 -0.3699 -0.3820 -0.3927 -0.4021 -0.4105 -0.4179 -0.4244 -0.4299 
-0.4346 -0.4387 -0.4421 -0.4450 -0.4475 -0.4497 -0.4515 -0.4530 -0.4542 
-0.4551 -0.4557 -0.4559 -0.4557 -0.4552 -0.4545 -0.4536 -0.4526 -0.4517 
-0.4509 -0.4503 -0.4500 -0.4498 -0.4497 -0.4498 -0.4500 -0.4502 -0.4505 
-0.4507 -0.4510 -0.4513 -0.4516 -0.4519 -0.4521 -0.4524 -0.4527 -0.4529 
-0.4531 -0.4533 -0.4536 -0.4537 -0.4539 -0.4541 -0.4542 -0.4543 -0.4545 
-0.4546 -0.4546 -0.4547 -0.4548 -0.4548 -0.4549 -0.4549 -0.4550 -0.4551 
 3.2195  3.0719  2.9235  2.7749  2.6265  2.4777  2.3296  2.1810  1.9657 
 2.3148  1.8923  1.5946  1.4515  1.3105  1.1721  1.0369  0.9017  0.7995 
 0.6850  0.5656  0.4397  0.3324  0.2396  0.1552  0.0791  0.0110 -0.0495 
-0.1027 -0.1491 -0.1895 -0.2242 -0.2540 -0.2796 -0.3017 -0.3208 -0.3376 
-0.3526 -0.3659 -0.3778 -0.3883 -0.3975 -0.4056 -0.4124 -0.4183 -0.4232 
-0.4273 -0.4307 -0.4334 -0.4355 -0.4370 -0.4380 -0.4386 -0.4389 -0.4392 
-0.4394 -0.4396 -0.4400 -0.4404 -0.4410 -0.4416 -0.4422 -0.4429 -0.4435 
-0.4441 -0.4447 -0.4452 -0.4457 -0.4462 -0.4466 -0.4470 -0.4474 -0.4478 
-0.4481 -0.4484 -0.4487 -0.4490 -0.4492 -0.4495 -0.4497 -0.4498 -0.4500 
-0.4502 -0.4503 -0.4504 -0.4505 -0.4507 -0.4508 -0.4510 -0.4511 -0.4513 
-0.4515 -0.4517 -0.4519 -0.4521 -0.4523 -0.4525 -0.4527 -0.4528 -0.4530 
 3.1398  2.9883  2.8366  2.6850  2.5337  2.3822  2.2312  2.0801  1.8735 
 2.0366  1.9626  1.4882  1.3445  1.2032  1.0649  0.9305  0.8010  0.6773 
 0.5606  0.4515  0.3509  0.2589  0.1758  0.1015  0.0354 -0.0229 -0.0742 
-0.1191 -0.1585 -0.1930 -0.2233 -0.2500 -0.2738 -0.2950 -0.3141 -0.3312 
-0.3465 -0.3601 -0.3720 -0.3823 -0.3910 -0.3982 -0.4042 -0.4091 -0.4130 
-0.4163 -0.4190 -0.4214 -0.4235 -0.4255 -0.4273 -0.4290 -0.4305 -0.4319 
-0.4332 -0.4344 -0.4354 -0.4364 -0.4372 -0.4380 -0.4388 -0.4394 -0.4401 
-0.4406 -0.4412 -0.4417 -0.4421 -0.4425 -0.4429 -0.4432 -0.4435 -0.4438 
-0.4441 -0.4443 -0.4446 -0.4448 -0.4451 -0.4454 -0.4456 -0.4459 -0.4463 
-0.4466 -0.4469 -0.4472 -0.4475 -0.4477 -0.4480 -0.4482 -0.4483 -0.4485 
-0.4486 -0.4487 -0.4488 -0.4488 -0.4489 -0.4489 -0.4489 -0.4490 -0.4490 
 3.0633  2.9090  2.7547  2.6011  2.4477  2.2940  2.1414  1.9891  1.8365 
 1.6804  2.0933  1.4022  1.2492  1.1096  0.9745  0.8446  0.7209  0.6043 
 0.4957  0.3956  0.3043  0.2221  0.1484  0.0827  0.0244 -0.0273 -0.0733 
-0.1144 -0.1513 -0.1845 -0.2147 -0.2421 -0.2670 -0.2896 -0.3098 -0.3278 
-0.3435 -0.3570 -0.3686 -0.3784 -0.3866 -0.3936 -0.3994 -0.4044 -0.4086 
-0.4122 -0.4153 -0.4179 -0.4202 -0.4222 -0.4240 -0.4255 -0.4269 -0.4281 
-0.4292 -0.4303 -0.4312 -0.4321 -0.4328 -0.4335 -0.4342 -0.4348 -0.4353 
-0.4358 -0.4363 -0.4368 -0.4373 -0.4377 -0.4382 -0.4387 -0.4392 -0.4397 
-0.4402 -0.4407 -0.4411 -0.4414 -0.4418 -0.4420 -0.4423 -0.4425 -0.4426 
-0.4427 -0.4428 -0.4429 -0.4430 -0.4430 -0.4431 -0.4432 -0.4433 -0.4434 
-0.4435 -0.4436 -0.4437 -0.4437 -0.4438 -0.4439 -0.4439 -0.4439 -0.4440 
 2.9887  2.8323  2.6765  2.5213  2.3664  2.2110  2.0585  1.9051  1.7535 
 1.5406  1.9683  1.4329  1.1765  1.0420  0.9129  0.7900  0.6740  0.5657 
 0.4654  0.3738  0.2906  0.2155  0.1478  0.0868  0.0315 -0.0187 -0.0647 
-0.1071 -0.1462 -0.1823 -0.2155 -0.2457 -0.2729 -0.2969 -0.3178 -0.3356 
-0.3506 -0.3630 -0.3733 -0.3818 -0.3887 -0.3944 -0.3992 -0.4031 -0.4065 
-0.4093 -0.4118 -0.4139 -0.4158 -0.4175 -0.4190 -0.4203 -0.4215 -0.4226 
-0.4236 -0.4246 -0.4255 -0.4263 -0.4272 -0.4280 -0.4288 -0.4296 -0.4303 
-0.4310 -0.4317 -0.4322 -0.4327 -0.4332 -0.4335 -0.4338 -0.4341 -0.4343 
-0.4344 -0.4345 -0.4347 -0.4348 -0.4349 -0.4350 -0.4352 -0.4353 -0.4354 
-0.4356 -0.4357 -0.4358 -0.4359 -0.4359 -0.4360 -0.4360 -0.4361 -0.4361 
-0.4362 -0.4364 -0.4365 -0.4367 -0.4370 -0.4372 -0.4375 -0.4379 -0.4382 
 2.9141  2.7580  2.6018  2.4458  2.2912  2.1378  1.9864  1.8361  1.6875 
 1.4746  1.7456  1.5309  1.1311  1.0031  0.8810  0.7654  0.6569  0.5557 
 0.4620  0.3755  0.2958  0.2223  0.1542  0.0909  0.0318 -0.0234 -0.0748 
-0.1224 -0.1657 -0.2044 -0.2386 -0.2682 -0.2934 -0.3145 -0.3320 -0.3464 
-0.3582 -0.3678 -0.3756 -0.3820 -0.3873 -0.3917 -0.3954 -0.3986 -0.4014 
-0.4038 -0.4059 -0.4078 -0.4096 -0.4112 -0.4127 -0.4141 -0.4154 -0.4166 
-0.4176 -0.4186 -0.4195 -0.4202 -0.4209 -0.4215 -0.4219 -0.4224 -0.4227 
-0.4230 -0.4233 -0.4235 -0.4237 -0.4240 -0.4242 -0.4244 -0.4246 -0.4248 
-0.4249 -0.4251 -0.4252 -0.4253 -0.4255 -0.4256 -0.4258 -0.4259 -0.4262 
-0.4264 -0.4268 -0.4271 -0.4275 -0.4278 -0.4282 -0.4286 -0.4289 -0.4292 
-0.4295 -0.4298 -0.4300 -0.4303 -0.4305 -0.4307 -0.4310 -0.4312 -0.4314 
 2.8387  2.6837  2.5300  2.3761  2.2248  2.0758  1.9285  1.7827  1.6400 
 1.4804  1.4485  1.6858  1.1084  0.9875  0.8714  0.7611  0.6560  0.5560 
 0.4611  0.3709  0.2856  0.2051  0.1298  0.0600 -0.0040 -0.0622 -0.1142 
-0.1603 -0.2006 -0.2353 -0.2646 -0.2892 -0.3095 -0.3261 -0.3396 -0.3506 
-0.3596 -0.3670 -0.3731 -0.3782 -0.3826 -0.3863 -0.3895 -0.3923 -0.3948 
-0.3970 -0.3989 -0.4005 -0.4020 -0.4032 -0.4042 -0.4051 -0.4059 -0.4065 
-0.4071 -0.4076 -0.4081 -0.4085 -0.4089 -0.4092 -0.4096 -0.4099 -0.4101 
-0.4104 -0.4107 -0.4109 -0.4111 -0.4114 -0.4117 -0.4120 -0.4124 -0.4128 
-0.4132 -0.4136 -0.4141 -0.4145 -0.4149 -0.4153 -0.4157 -0.4160 -0.4164 
-0.4167 -0.4170 -0.4173 -0.4176 -0.4179 -0.4182 -0.4185 -0.4187 -0.4190 
-0.4193 -0.4195 -0.4197 -0.4199 -0.4200 -0.4201 -0.4202 -0.4203 -0.4204 
 2.7600  2.6082  2.4583  2.3116  2.1656  2.0202  1.8781  1.7390  1.6028 
 1.4695  1.2984  1.6847  1.1670  0.9694  0.8512  0.7359  0.6239  0.5163 
 0.4141  0.3181  0.2287  0.1466  0.0716  0.0040 -0.0565 -0.1100 -0.1566 
-0.1967 -0.2308 -0.2593 -0.2828 -0.3022 -0.3179 -0.3308 -0.3413 -0.3499 
-0.3569 -0.3627 -0.3675 -0.3715 -0.3748 -0.3775 -0.3797 -0.3816 -0.3832 
-0.3845 -0.3856 -0.3866 -0.3875 -0.3882 -0.3889 -0.3895 -0.3901 -0.3906 
-0.3910 -0.3914 -0.3918 -0.3923 -0.3927 -0.3931 -0.3936 -0.3941 -0.3946 
-0.3951 -0.3956 -0.3961 -0.3965 -0.3970 -0.3974 -0.3978 -0.3982 -0.3986 
-0.3990 -0.3993 -0.3997 -0.4001 -0.4005 -0.4008 -0.4012 -0.4015 -0.4017 
-0.4020 -0.4022 -0.4024 -0.4025 -0.4027 -0.4028 -0.4029 -0.4030 -0.4031 
-0.4032 -0.4033 -0.4033 -0.4034 -0.4035 -0.4035 -0.4036 -0.4036 -0.4037 
 2.6740  2.5281  2.3836  2.2407  2.0989  1.9593  1.8221  1.6864  1.5517 
 1.4173  1.2263  1.4771  1.2398  0.8959  0.7720  0.6524  0.5383  0.4308 
 0.3303  0.2375  0.1526  0.0757  0.0068 -0.0541 -0.1074 -0.1533 -0.1924 
-0.2251 -0.2522 -0.2743 -0.2923 -0.3068 -0.3185 -0.3278 -0.3352 -0.3411 
-0.3459 -0.3497 -0.3528 -0.3554 -0.3575 -0.3592 -0.3607 -0.3620 -0.3631 
-0.3641 -0.3649 -0.3657 -0.3664 -0.3671 -0.3677 -0.3684 -0.3690 -0.3697 
-0.3703 -0.3709 -0.3715 -0.3720 -0.3725 -0.3730 -0.3735 -0.3740 -0.3745 
-0.3750 -0.3755 -0.3759 -0.3764 -0.3768 -0.3772 -0.3776 -0.3779 -0.3782 
-0.3785 -0.3787 -0.3789 -0.3790 -0.3792 -0.3793 -0.3794 -0.3795 -0.3796 
-0.3797 -0.3798 -0.3799 -0.3799 -0.3800 -0.3801 -0.3802 -0.3802 -0.3803 
-0.3804 -0.3804 -0.3805 -0.3805 -0.3806 -0.3806 -0.3807 -0.3807 -0.3808 
 2.5680  2.4265  2.2851  2.1439  2.0035  1.8623  1.7216  1.5811  1.4413 
 1.3025  1.1437  1.1311  1.2987  0.7761  0.6549  0.5392  0.4303  0.3289 
 0.2355  0.1505  0.0743  0.0066 -0.0527 -0.1039 -0.1475 -0.1840 -0.2141 
-0.2386 -0.2583 -0.2741 -0.2865 -0.2964 -0.3042 -0.3104 -0.3153 -0.3193 
-0.3225 -0.3252 -0.3273 -0.3292 -0.3307 -0.3321 -0.3333 -0.3344 -0.3355 
-0.3364 -0.3373 -0.3380 -0.3388 -0.3394 -0.3401 -0.3407 -0.3413 -0.3419 
-0.3425 -0.3431 -0.3437 -0.3443 -0.3448 -0.3453 -0.3458 -0.3462 -0.3465 
-0.3469 -0.3472 -0.3474 -0.3476 -0.3478 -0.3480 -0.3482 -0.3483 -0.3484 
-0.3486 -0.3487 -0.3487 -0.3488 -0.3489 -0.3490 -0.3491 -0.3492 -0.3492 
-0.3493 -0.3494 -0.3495 -0.3495 -0.3496 -0.3496 -0.3497 -0.3497 -0.3498 
-0.3498 -0.3499 -0.3499 -0.3500 -0.3500 -0.3500 -0.3501 -0.3501 -0.3501 
 2.4330  2.2876  2.1408  1.9974  1.8539  1.7090  1.5655  1.4243  1.2848 
 1.1478  1.0145  0.8481  1.2294  0.6962  0.5251  0.4185  0.3196  0.2292 
 0.1476  0.0748  0.0109 -0.0445 -0.0917 -0.1313 -0.1641 -0.1908 -0.2123 
-0.2294 -0.2430 -0.2538 -0.2623 -0.2691 -0.2745 -0.2788 -0.2823 -0.2852 
-0.2875 -0.2895 -0.2912 -0.2927 -0.2940 -0.2951 -0.2960 -0.2970 -0.2978 
-0.2986 -0.2994 -0.3002 -0.3009 -0.3017 -0.3023 -0.3029 -0.3035 -0.3040 
-0.3044 -0.3048 -0.3052 -0.3055 -0.3058 -0.3060 -0.3062 -0.3064 -0.3066 
-0.3067 -0.3069 -0.3070 -0.3071 -0.3072 -0.3073 -0.3074 -0.3075 -0.3076 
-0.3077 -0.3078 -0.3078 -0.3079 -0.3080 -0.3080 -0.3081 -0.3082 -0.3082 
-0.3083 -0.3083 -0.3084 -0.3084 -0.3085 -0.3085 -0.3086 -0.3086 -0.3086 
-0.3087 -0.3087 -0.3087 -0.3087 -0.3088 -0.3088 -0.3088 -0.3088 -0.3089 
 2.2564  2.1127  1.9619  1.8153  1.6714  1.5291  1.3882  1.2495  1.1142 
 0.9828  0.8550  0.6738  0.9818  0.6790  0.4069  0.3135  0.2289  0.1531 
 0.0860  0.0276 -0.0226 -0.0649 -0.1002 -0.1292 -0.1527 -0.1715 -0.1865 
-0.1984 -0.2078 -0.2152 -0.2211 -0.2257 -0.2295 -0.2325 -0.2350 -0.2371 
-0.2389 -0.2404 -0.2418 -0.2431 -0.2442 -0.2453 -0.2463 -0.2471 -0.2479 
-0.2487 -0.2493 -0.2499 -0.2504 -0.2508 -0.2512 -0.2515 -0.2518 -0.2521 
-0.2523 -0.2525 -0.2527 -0.2529 -0.2530 -0.2532 -0.2533 -0.2534 -0.2535 
-0.2536 -0.2537 -0.2537 -0.2538 -0.2539 -0.2540 -0.2540 -0.2541 -0.2542 
-0.2542 -0.2543 -0.2544 -0.2545 -0.2545 -0.2546 -0.2546 -0.2547 -0.2548 
-0.2548 -0.2549 -0.2549 -0.2550 -0.2550 -0.2551 -0.2551 -0.2552 -0.2552 
-0.2553 -0.2553 -0.2553 -0.2554 -0.2554 -0.2554 -0.2554 -0.2555 -0.2555 
 2.0695  1.9238  1.7785  1.6316  1.4861  1.3478  1.2123  1.0788  0.9505 
 0.8287  0.7118  0.5652  0.6711  0.7069  0.3202  0.2427  0.1738  0.1133 
 0.0608  0.0160 -0.0216 -0.0527 -0.0781 -0.0986 -0.1150 -0.1279 -0.1382 
-0.1463 -0.1527 -0.1578 -0.1620 -0.1654 -0.1683 -0.1707 -0.1728 -0.1746 
-0.1762 -0.1776 -0.1787 -0.1798 -0.1807 -0.1814 -0.1821 -0.1827 -0.1832 
-0.1836 -0.1840 -0.1843 -0.1846 -0.1849 -0.1851 -0.1853 -0.1855 -0.1856 
-0.1857 -0.1858 -0.1859 -0.1860 -0.1861 -0.1862 -0.1863 -0.1864 -0.1865 
-0.1866 -0.1867 -0.1868 -0.1869 -0.1870 -0.1871 -0.1872 -0.1873 -0.1874 
-0.1875 -0.1876 -0.1877 -0.1878 -0.1879 -0.1880 -0.1881 -0.1882 -0.1882 
-0.1883 -0.1883 -0.1884 -0.1884 -0.1884 -0.1885 -0.1885 -0.1885 -0.1885 
-0.1885 -0.1885 -0.1886 -0.1886 -0.1886 -0.1886 -0.1886 -0.1886 -0.1886 
 1.8896  1.7408  1.5991  1.4589  1.3190  1.1862  1.0545  0.9328  0.8159 
 0.7058  0.6032  0.5085  0.4101  0.7274  0.2904  0.2123  0.1583  0.1118 
 0.0724  0.0394  0.0122 -0.0099 -0.0278 -0.0421 -0.0536 -0.0628 -0.0703 
-0.0763 -0.0812 -0.0853 -0.0887 -0.0915 -0.0938 -0.0957 -0.0974 -0.0988 
-0.0999 -0.1009 -0.1018 -0.1025 -0.1031 -0.1036 -0.1040 -0.1044 -0.1047 
-0.1049 -0.1051 -0.1053 -0.1054 -0.1056 -0.1057 -0.1058 -0.1060 -0.1061 
-0.1063 -0.1064 -0.1066 -0.1068 -0.1070 -0.1071 -0.1073 -0.1075 -0.1078 
-0.1080 -0.1082 -0.1084 -0.1085 -0.1087 -0.1088 -0.1089 -0.1090 -0.1091 
-0.1092 -0.1093 -0.1093 -0.1094 -0.1094 -0.1094 -0.1095 -0.1095 -0.1095 
-0.1095 -0.1095 -0.1096 -0.1096 -0.1096 -0.1096 -0.1096 -0.1096 -0.1096 
-0.1096 -0.1096 -0.1096 -0.1096 -0.1096 -0.1096 -0.1096 -0.1096 -0.1096 
 1.7216  1.5773  1.4391  1.3022  1.1738  1.0497  0.9315  0.8201  0.7168 
 0.6219  0.5350  0.4559  0.3485  0.5989  0.3472  0.2201  0.1791  0.1443 
 0.1151  0.0909  0.0709  0.0546  0.0413  0.0305  0.0217  0.0145  0.0086 
 0.0038 -0.0002 -0.0034 -0.0061 -0.0083 -0.0101 -0.0116 -0.0128 -0.0138 
-0.0146 -0.0153 -0.0158 -0.0162 -0.0166 -0.0170 -0.0173 -0.0176 -0.0179 
-0.0182 -0.0185 -0.0188 -0.0191 -0.0194 -0.0198 -0.0201 -0.0205 -0.0209 
-0.0212 -0.0216 -0.0219 -0.0222 -0.0225 -0.0227 -0.0229 -0.0231 -0.0232 
-0.0234 -0.0235 -0.0235 -0.0236 -0.0237 -0.0237 -0.0238 -0.0238 -0.0238 
-0.0239 -0.0239 -0.0239 -0.0239 -0.0239 -0.0240 -0.0240 -0.0240 -0.0240 
-0.0240 -0.0240 -0.0240 -0.0240 -0.0240 -0.0240 -0.0240 -0.0240 -0.0240 
-0.0240 -0.0240 -0.0240 -0.0240 -0.0240 -0.0240 -0.0240 -0.0240 -0.0240 
 1.5725  1.4368  1.3064  1.1801  1.0601  0.9481  0.8435  0.7465  0.6579 
 0.5776  0.5057  0.4416  0.3567  0.4793  0.4304  0.2552  0.2233  0.1963 
 0.1737  0.1547  0.1390  0.1260  0.1152  0.1064  0.0992  0.0933  0.0885 
 0.0846  0.0814  0.0789  0.0768  0.0751  0.0738  0.0726  0.0717  0.0708 
 0.0700  0.0692  0.0685  0.0678  0.0671  0.0664  0.0657  0.0650  0.0643 
 0.0636  0.0629  0.0623  0.0617  0.0612  0.0607  0.0603  0.0600  0.0597 
 0.0595  0.0593  0.0591  0.0590  0.0589  0.0588  0.0587  0.0587  0.0586 
 0.0586  0.0585  0.0585  0.0585  0.0584  0.0584  0.0584  0.0584  0.0584 
 0.0584  0.0584  0.0584  0.0584  0.0584  0.0584  0.0584  0.0584  0.0584 
 0.0584  0.0584  0.0584  0.0584  0.0584  0.0584  0.0584  0.0584  0.0584 
 0.0584  0.0584  0.0584  0.0584  0.0584  0.0584  0.0584  0.0584  0.0584 
 1.4462  1.3195  1.1987  1.0840  0.9773  0.8702  0.8273  1.0558  0.6306 
 0.5635  0.5037  0.4508  0.4041  0.3632  0.3275  0.2966  0.2701  0.2475 
 0.2283  0.2122  0.1987  0.1876  0.1784  0.1709  0.1649  0.1600  0.1560 
 0.1527  0.1499  0.1475  0.1453  0.1434  0.1416  0.1399  0.1382  0.1366 
 0.1351  0.1336  0.1323  0.1310  0.1299  0.1289  0.1280  0.1273  0.1267 
 0.1262  0.1257  0.1253  0.1250  0.1248  0.1246  0.1244  0.1243  0.1242 
 0.1241  0.1240  0.1239  0.1239  0.1238  0.1238  0.1238  0.1237  0.1237 
 0.1237  0.1237  0.1237  0.1237  0.1237  0.1237  0.1237  0.1237  0.1237 
 0.1237  0.1237  0.1237  0.1237  0.1237  0.1237  0.1237  0.1237  0.1237 
 0.1237  0.1237  0.1237  0.1237  0.1237  0.1237  0.1237  0.1237  0.1237 
 0.1237  0.1237  0.1237  0.1237  0.1237  0.1237  0.1237  0.1237  0.1237 
 1.0724  0.9743  0.8812  0.7918  0.7089  0.6309  0.5585  0.4787  0.6904 
 0.3934  0.3265  0.2828  0.2450  0.2128  0.1853  0.1622  0.1433  0.1278 
 0.1155  0.1056  0.0979  0.0918  0.0870  0.0832  0.0802  0.0779  0.0760 
 0.0745  0.0734  0.0725  0.0718  0.0712  0.0708  0.0705  0.0702  0.0701 
 0.0699  0.0698  0.0698  0.0697  0.0697  0.0696  0.0696  0.0696  0.0696 
 0.0696  0.0696  0.0696  0.0696  0.0696  0.0696  0.0696  0.0696  0.0696 
 0.0697  0.0697  0.0697  0.0697  0.0697  0.0697  0.0697  0.0697  0.0697 
 0.0697  0.0697  0.0697  0.0697  0.0697  0.0697  0.0697  0.0697  0.0697 
 0.0697  0.0697  0.0697  0.0697  0.0697  0.0697  0.0697  0.0697  0.0697 
 0.0697  0.0697  0.0697  0.0697  0.0697  0.0697  0.0697  0.0697  0.0697 
 0.0697  0.0697  0.0697  0.0697  0.0697  0.0697  0.0697  0.0697  0.0697 
 0.5530  0.4624  0.3680  0.2928  0.2300  0.1701  0.1239  0.0853  0.0407 
 0.1181  0.0220 -0.0126 -0.0257 -0.0359 -0.0441 -0.0507 -0.0561 -0.0604 
-0.0639 -0.0667 -0.0689 -0.0707 -0.0720 -0.0731 -0.0739 -0.0745 -0.0750 
-0.0754 -0.0757 -0.0759 -0.0760 -0.0761 -0.0762 -0.0762 -0.0763 -0.0763 
-0.0763 -0.0763 -0.0764 -0.0764 -0.0764 -0.0764 -0.0764 -0.0764 -0.0764 
-0.0764 -0.0764 -0.0764 -0.0764 -0.0763 -0.0763 -0.0763 -0.0763 -0.0763 
-0.0763 -0.0763 -0.0763 -0.0763 -0.0763 -0.0763 -0.0763 -0.0763 -0.0763 
-0.0763 -0.0763 -0.0763 -0.0763 -0.0763 -0.0763 -0.0763 -0.0763 -0.0763 
-0.0763 -0.0763 -0.0763 -0.0763 -0.0763 -0.0763 -0.0763 -0.0763 -0.0763 
-0.0763 -0.0763 -0.0763 -0.0763 -0.0763 -0.0763 -0.0763 -0.0763 -0.0763 
-0.0763 -0.0763 -0.0763 -0.0763 -0.0763 -0.0763 -0.0763 -0.0763 -0.0763 
 0.3935  0.3226  0.2680  0.2270  0.1843  0.1517  0.1274  0.1015  0.0829 
 0.0638  0.0687  0.0502  0.0360  0.0295  0.0241  0.0194  0.0156  0.0123 
 0.0096  0.0074  0.0057  0.0042  0.0031  0.0021  0.0014  0.0008  0.0004 
 0.0001 -0.0002 -0.0004 -0.0005 -0.0006 -0.0007 -0.0007 -0.0008 -0.0008 
-0.0008 -0.0008 -0.0008 -0.0008 -0.0008 -0.0008 -0.0008 -0.0008 -0.0008 
-0.0008 -0.0008 -0.0008 -0.0008 -0.0008 -0.0008 -0.0008 -0.0008 -0.0008 
-0.0008 -0.0008 -0.0008 -0.0008 -0.0008 -0.0008 -0.0008 -0.0008 -0.0008 
-0.0008 -0.0008 -0.0008 -0.0008 -0.0008 -0.0008 -0.0008 -0.0008 -0.0008 
-0.0008 -0.0008 -0.0008 -0.0008 -0.0008 -0.0008 -0.0008 -0.0008 -0.0008 
-0.0008 -0.0008 -0.0008 -0.0008 -0.0008 -0.0008 -0.0008 -0.0008 -0.0008 
-0.0008 -0.0008 -0.0008 -0.0008 -0.0008 -0.0008 -0.0008 -0.0008 -0.0008 
 0.5596  0.5098  0.4679  0.4351  0.4034  0.3780  0.3547  0.3357  0.3195 
 0.3062  0.2960  0.2900  0.2829  0.2755  0.2705  0.2662  0.2627  0.2597 
 0.2573  0.2552  0.2536  0.2523  0.2512  0.2504  0.2498  0.2493  0.2489 
 0.2486  0.2484  0.2482  0.2481  0.2480  0.2480  0.2479  0.2479  0.2479 
 0.2478  0.2478  0.2478  0.2478  0.2478  0.2478  0.2478  0.2478  0.2478 
 0.2478  0.2478  0.2478  0.2478  0.2478  0.2478  0.2478  0.2478  0.2478 
 0.2478  0.2478  0.2478  0.2478  0.2478  0.2478  0.2478  0.2478  0.2478 
 0.2478  0.2478  0.2478  0.2478  0.2478  0.2478  0.2478  0.2478  0.2478 
 0.2478  0.2478  0.2478  0.2478  0.2478  0.2478  0.2478  0.2478  0.2478 
 0.2478  0.2478  0.2478  0.2478  0.2478  0.2478  0.2478  0.2478  0.2478 
 0.2478  0.2478  0.2478  0.2478  0.2478  0.2478  0.2478  0.2478  0.2478 
 0.8695  0.8293  0.7982  0.7683  0.7420  0.7212  0.6947  0.6720  0.6657 
 0.6589  0.6516  0.6444  0.6384  0.6331  0.6286  0.6249  0.6218  0.6193 
 0.6172  0.6155  0.6141  0.6131  0.6122  0.6116  0.6111  0.6107  0.6104 
 0.6102  0.6100  0.6099  0.6099  0.6098  0.6098  0.6097  0.6097  0.6097 
 0.6097  0.6097  0.6097  0.6097  0.6097  0.6097  0.6097  0.6097  0.6097 
 0.6097  0.6097  0.6097  0.6097  0.6097  0.6097  0.6097  0.6097  0.6097 
 0.6097  0.6097  0.6097  0.6097  0.6097  0.6097  0.6097  0.6097  0.6097 
 0.6097  0.6097  0.6097  0.6097  0.6097  0.6097  0.6097  0.6097  0.6097 
 0.6097  0.6097  0.6097  0.6097  0.6097  0.6097  0.6097  0.6097  0.6097 
 0.6097  0.6097  0.6097  0.6097  0.6097  0.6097  0.6097  0.6097  0.6097 
 0.6097  0.6097  0.6097  0.6097  0.6097  0.6097  0.6097  0.6097  0.6097 
 1.2664  1.2178  1.1908  1.1641  1.1433  1.1133  1.0937  1.0855  1.0831 
 1.0752  1.0694  1.0633  1.0581  1.0537  1.0497  1.0471  1.0446  1.0426 
 1.0410  1.0398  1.0388  1.0380  1.0374  1.0370  1.0366  1.0364  1.0362 
 1.0361  1.0360  1.0359  1.0359  1.0358  1.0358  1.0358  1.0358  1.0358 
 1.0358  1.0358  1.0358  1.0358  1.0358  1.0358  1.0358  1.0358  1.0358 
 1.0358  1.0358  1.0358  1.0358  1.0358  1.0358  1.0358  1.0358  1.0358 
 1.0358  1.0358  1.0358  1.0358  1.0358  1.0358  1.0358  1.0358  1.0358 
 1.0358  1.0358  1.0358  1.0358  1.0358  1.0358  1.0358  1.0358  1.0358 
 1.0358  1.0358  1.0358  1.0358  1.0358  1.0358  1.0358  1.0358  1.0358 
 1.0358  1.0358  1.0358  1.0358  1.0358  1.0358  1.0358  1.0358  1.0358 
 1.0358  1.0358  1.0358  1.0358  1.0358  1.0358  1.0358  1.0358  1.0358 
