-2.0117 -2.0355 -2.0610 -2.0896 -2.1228 -2.1617 -2.2077 -2.2614 -2.3232 
-2.3934 -2.4716 -2.5575 -2.6504 -2.7491 -2.8547 -2.9682 -3.0921 -3.2184 
-3.3318 -3.4396 -3.5503 -3.6631 -3.8154 -3.9868 -4.1099 -4.2183 -4.3205 
-4.4149 -4.5051 -4.5901 -4.6704 -4.7462 -4.8175 -4.8845 -4.9474 -5.0064 
-5.0619 -5.1143 -5.1639 -5.2111 -5.2561 -5.2995 -5.3412 -5.3817 -5.4209 
-5.4591 -5.4961 -5.5320 -5.5669 -5.6004 -5.6327 -5.6635 -5.6930 -5.7209 
-5.7474 -5.7723 -5.7956 -5.8175 -5.8378 -5.8567 -5.8741 -5.8901 -5.9048 
-5.9182 -5.9304 -5.9414 -5.9512 -5.9600 -5.9678 -5.9748 -5.9808 -5.9861 
-5.9906 -5.9945 -5.9978 -6.0005 -6.0028 -6.0046 -6.0060 -6.0072 -6.0081 
-6.0088 -6.0093 -6.0097 -6.0100 -6.0103 -6.0105 -6.0106 -6.0108 -6.0110 
-6.0111 -6.0113 -6.0114 -6.0116 -6.0117 -6.0118 -6.0119 -6.0120 -6.0121 
-1.9094 -1.9301 -1.9528 -1.9786 -2.0087 -2.0444 -2.0867 -2.1365 -2.1941 
-2.2599 -2.3336 -2.4148 -2.5032 -2.5973 -2.6989 -2.8174 -2.9270 -3.0588 
-3.1582 -3.2601 -3.3666 -3.4800 -3.6020 -3.7769 -3.8851 -3.9891 -4.0889 
-4.1812 -4.2696 -4.3533 -4.4328 -4.5077 -4.5783 -4.6444 -4.7063 -4.7642 
-4.8181 -4.8686 -4.9158 -4.9603 -5.0022 -5.0420 -5.0800 -5.1162 -5.1511 
-5.1847 -5.2171 -5.2484 -5.2786 -5.3077 -5.3356 -5.3623 -5.3878 -5.4120 
-5.4349 -5.4564 -5.4767 -5.4956 -5.5131 -5.5294 -5.5445 -5.5582 -5.5708 
-5.5823 -5.5927 -5.6020 -5.6103 -5.6177 -5.6242 -5.6300 -5.6350 -5.6393 
-5.6430 -5.6461 -5.6488 -5.6510 -5.6528 -5.6543 -5.6555 -5.6565 -5.6573 
-5.6579 -5.6585 -5.6589 -5.6593 -5.6597 -5.6600 -5.6603 -5.6606 -5.6609 
-5.6612 -5.6614 -5.6616 -5.6618 -5.6619 -5.6621 -5.6622 -5.6623 -5.6623 
-1.8164 -1.8356 -1.8566 -1.8806 -1.9086 -1.9418 -1.9811 -2.0274 -2.0812 
-2.1429 -2.2122 -2.2887 -2.3723 -2.4611 -2.5655 -2.6820 -2.7760 -2.8962 
-2.9931 -3.0911 -3.1939 -3.3061 -3.4116 -3.5601 -3.6679 -3.7656 -3.8595 
-3.9481 -4.0324 -4.1128 -4.1890 -4.2609 -4.3285 -4.3918 -4.4510 -4.5060 
-4.5571 -4.6047 -4.6489 -4.6902 -4.7288 -4.7651 -4.7992 -4.8315 -4.8622 
-4.8915 -4.9194 -4.9461 -4.9716 -4.9960 -5.0192 -5.0413 -5.0624 -5.0823 
-5.1010 -5.1187 -5.1352 -5.1505 -5.1648 -5.1779 -5.1900 -5.2010 -5.2111 
-5.2201 -5.2283 -5.2356 -5.2421 -5.2478 -5.2529 -5.2572 -5.2610 -5.2643 
-5.2671 -5.2694 -5.2714 -5.2731 -5.2745 -5.2757 -5.2768 -5.2776 -5.2784 
-5.2790 -5.2796 -5.2800 -5.2805 -5.2809 -5.2812 -5.2815 -5.2818 -5.2820 
-5.2822 -5.2824 -5.2825 -5.2826 -5.2827 -5.2828 -5.2829 -5.2829 -5.2830 
-1.7343 -1.7528 -1.7730 -1.7958 -1.8223 -1.8534 -1.8901 -1.9334 -1.9839 
-2.0416 -2.1065 -2.1783 -2.2563 -2.3419 -2.4437 -2.5556 -2.6454 -2.7538 
-2.8471 -2.9390 -3.0353 -3.1407 -3.2429 -3.3676 -3.4707 -3.5632 -3.6500 
-3.7326 -3.8113 -3.8861 -3.9568 -4.0235 -4.0859 -4.1443 -4.1986 -4.2491 
-4.2959 -4.3393 -4.3794 -4.4167 -4.4513 -4.4836 -4.5137 -4.5420 -4.5686 
-4.5935 -4.6171 -4.6393 -4.6603 -4.6802 -4.6989 -4.7166 -4.7332 -4.7487 
-4.7632 -4.7767 -4.7892 -4.8006 -4.8112 -4.8208 -4.8295 -4.8374 -4.8446 
-4.8509 -4.8566 -4.8617 -4.8661 -4.8700 -4.8734 -4.8763 -4.8789 -4.8811 
-4.8830 -4.8846 -4.8861 -4.8873 -4.8884 -4.8893 -4.8900 -4.8907 -4.8913 
-4.8918 -4.8922 -4.8926 -4.8929 -4.8932 -4.8934 -4.8936 -4.8937 -4.8939 
-4.8940 -4.8941 -4.8942 -4.8942 -4.8943 -4.8943 -4.8944 -4.8944 -4.8944 
-1.6630 -1.6815 -1.7013 -1.7234 -1.7487 -1.7782 -1.8128 -1.8534 -1.9006 
-1.9545 -2.0152 -2.0823 -2.1550 -2.2365 -2.3345 -2.4410 -2.5336 -2.6268 
-2.7142 -2.7996 -2.8894 -2.9869 -3.0876 -3.1911 -3.2847 -3.3697 -3.4500 
-3.5261 -3.5982 -3.6663 -3.7306 -3.7908 -3.8471 -3.8994 -3.9480 -3.9929 
-4.0343 -4.0726 -4.1079 -4.1404 -4.1705 -4.1984 -4.2242 -4.2481 -4.2704 
-4.2913 -4.3107 -4.3288 -4.3458 -4.3616 -4.3763 -4.3900 -4.4027 -4.4144 
-4.4252 -4.4351 -4.4440 -4.4522 -4.4596 -4.4662 -4.4721 -4.4774 -4.4822 
-4.4863 -4.4900 -4.4932 -4.4960 -4.4985 -4.5006 -4.5025 -4.5041 -4.5055 
-4.5068 -4.5079 -4.5088 -4.5096 -4.5103 -4.5109 -4.5114 -4.5118 -4.5122 
-4.5125 -4.5128 -4.5130 -4.5131 -4.5133 -4.5134 -4.5135 -4.5136 -4.5137 
-4.5137 -4.5138 -4.5138 -4.5138 -4.5139 -4.5139 -4.5139 -4.5139 -4.5138 
-1.6018 -1.6206 -1.6404 -1.6621 -1.6866 -1.7148 -1.7476 -1.7858 -1.8300 
-1.8803 -1.9369 -1.9994 -2.0678 -2.1448 -2.2386 -2.3390 -2.4347 -2.5190 
-2.5944 -2.6736 -2.7568 -2.8461 -2.9424 -3.0346 -3.1174 -3.1952 -3.2685 
-3.3374 -3.4025 -3.4638 -3.5211 -3.5745 -3.6242 -3.6701 -3.7124 -3.7514 
-3.7872 -3.8201 -3.8503 -3.8779 -3.9033 -3.9266 -3.9481 -3.9679 -3.9862 
-4.0030 -4.0185 -4.0329 -4.0461 -4.0582 -4.0694 -4.0795 -4.0888 -4.0972 
-4.1048 -4.1116 -4.1178 -4.1232 -4.1281 -4.1324 -4.1362 -4.1396 -4.1425 
-4.1451 -4.1474 -4.1493 -4.1511 -4.1526 -4.1539 -4.1551 -4.1561 -4.1570 
-4.1578 -4.1584 -4.1590 -4.1595 -4.1599 -4.1602 -4.1605 -4.1607 -4.1609 
-4.1611 -4.1612 -4.1613 -4.1614 -4.1615 -4.1616 -4.1617 -4.1617 -4.1617 
-4.1617 -4.1618 -4.1618 -4.1617 -4.1617 -4.1617 -4.1616 -4.1616 -4.1615 
-1.5495 -1.5689 -1.5890 -1.6107 -1.6347 -1.6619 -1.6932 -1.7292 -1.7706 
-1.8175 -1.8702 -1.9283 -1.9924 -2.0651 -2.1559 -2.2548 -2.3308 -2.4111 
-2.4812 -2.5560 -2.6344 -2.7171 -2.8023 -2.8862 -2.9610 -3.0315 -3.0977 
-3.1597 -3.2179 -3.2722 -3.3228 -3.3695 -3.4127 -3.4524 -3.4887 -3.5220 
-3.5523 -3.5800 -3.6052 -3.6282 -3.6492 -3.6683 -3.6857 -3.7016 -3.7161 
-3.7294 -3.7415 -3.7525 -3.7625 -3.7716 -3.7798 -3.7871 -3.7937 -3.7995 
-3.8047 -3.8094 -3.8134 -3.8170 -3.8201 -3.8229 -3.8253 -3.8274 -3.8293 
-3.8309 -3.8324 -3.8336 -3.8347 -3.8356 -3.8364 -3.8371 -3.8378 -3.8383 
-3.8387 -3.8391 -3.8394 -3.8397 -3.8399 -3.8401 -3.8403 -3.8404 -3.8405 
-3.8406 -3.8407 -3.8407 -3.8408 -3.8408 -3.8408 -3.8409 -3.8409 -3.8409 
-3.8409 -3.8408 -3.8408 -3.8407 -3.8407 -3.8406 -3.8405 -3.8404 -3.8402 
-1.5185 -1.5385 -1.5589 -1.5807 -1.6045 -1.6312 -1.6615 -1.6961 -1.7358 
-1.7806 -1.8308 -1.8862 -1.9469 -2.0187 -2.1130 -2.2086 -2.2709 -2.3478 
-2.4137 -2.4844 -2.5586 -2.6378 -2.7154 -2.7937 -2.8637 -2.9292 -2.9907 
-3.0481 -3.1016 -3.1514 -3.1975 -3.2399 -3.2789 -3.3145 -3.3470 -3.3766 
-3.4035 -3.4279 -3.4500 -3.4700 -3.4882 -3.5047 -3.5196 -3.5332 -3.5455 
-3.5566 -3.5666 -3.5757 -3.5838 -3.5911 -3.5976 -3.6033 -3.6084 -3.6129 
-3.6169 -3.6204 -3.6234 -3.6261 -3.6285 -3.6305 -3.6323 -3.6339 -3.6352 
-3.6364 -3.6375 -3.6384 -3.6391 -3.6398 -3.6404 -3.6409 -3.6413 -3.6417 
-3.6420 -3.6422 -3.6424 -3.6426 -3.6428 -3.6429 -3.6430 -3.6431 -3.6432 
-3.6432 -3.6433 -3.6433 -3.6433 -3.6434 -3.6434 -3.6433 -3.6433 -3.6433 
-3.6432 -3.6432 -3.6431 -3.6430 -3.6430 -3.6429 -3.6428 -3.6426 -3.6425 
-1.4819 -1.5026 -1.5237 -1.5457 -1.5695 -1.5955 -1.6247 -1.6577 -1.6951 
-1.7371 -1.7841 -1.8359 -1.8923 -1.9639 -2.0637 -2.1450 -2.1989 -2.2685 
-2.3299 -2.3947 -2.4632 -2.5362 -2.6067 -2.6768 -2.7406 -2.7998 -2.8549 
-2.9062 -2.9537 -2.9976 -3.0379 -3.0748 -3.1085 -3.1391 -3.1668 -3.1917 
-3.2143 -3.2346 -3.2529 -3.2694 -3.2842 -3.2975 -3.3094 -3.3201 -3.3297 
-3.3383 -3.3460 -3.3528 -3.3588 -3.3641 -3.3687 -3.3728 -3.3764 -3.3795 
-3.3823 -3.3847 -3.3867 -3.3886 -3.3901 -3.3915 -3.3927 -3.3938 -3.3947 
-3.3955 -3.3962 -3.3967 -3.3972 -3.3977 -3.3980 -3.3983 -3.3986 -3.3988 
-3.3990 -3.3991 -3.3993 -3.3994 -3.3995 -3.3995 -3.3996 -3.3996 -3.3997 
-3.3997 -3.3997 -3.3997 -3.3997 -3.3996 -3.3996 -3.3996 -3.3995 -3.3995 
-3.3994 -3.3993 -3.3993 -3.3992 -3.3992 -3.3991 -3.3990 -3.3990 -3.3990 
-1.4498 -1.4716 -1.4934 -1.5159 -1.5396 -1.5652 -1.5933 -1.6247 -1.6599 
-1.6993 -1.7431 -1.7914 -1.8424 -1.9217 -2.0074 -2.0832 -2.1344 -2.1955 
-2.2527 -2.3118 -2.3743 -2.4405 -2.5048 -2.5671 -2.6246 -2.6778 -2.7270 
-2.7724 -2.8143 -2.8526 -2.8877 -2.9195 -2.9482 -2.9742 -2.9975 -3.0184 
-3.0371 -3.0539 -3.0688 -3.0822 -3.0941 -3.1046 -3.1140 -3.1224 -3.1298 
-3.1363 -3.1420 -3.1470 -3.1514 -3.1552 -3.1585 -3.1614 -3.1639 -3.1661 
-3.1680 -3.1697 -3.1711 -3.1724 -3.1735 -3.1744 -3.1752 -3.1759 -3.1765 
-3.1771 -3.1775 -3.1779 -3.1782 -3.1784 -3.1787 -3.1788 -3.1790 -3.1791 
-3.1792 -3.1793 -3.1794 -3.1794 -3.1794 -3.1795 -3.1795 -3.1795 -3.1795 
-3.1794 -3.1794 -3.1794 -3.1794 -3.1793 -3.1793 -3.1793 -3.1792 -3.1792 
-3.1792 -3.1791 -3.1791 -3.1791 -3.1791 -3.1791 -3.1791 -3.1792 -3.1792 
-1.4215 -1.4443 -1.4669 -1.4900 -1.5137 -1.5389 -1.5660 -1.5958 -1.6289 
-1.6657 -1.7063 -1.7510 -1.7977 -1.8738 -1.9537 -2.0242 -2.0741 -2.1264 
-2.1786 -2.2322 -2.2890 -2.3483 -2.4074 -2.4622 -2.5132 -2.5603 -2.6036 
-2.6434 -2.6797 -2.7127 -2.7426 -2.7696 -2.7938 -2.8154 -2.8346 -2.8518 
-2.8670 -2.8805 -2.8924 -2.9029 -2.9122 -2.9204 -2.9276 -2.9338 -2.9393 
-2.9441 -2.9482 -2.9518 -2.9549 -2.9576 -2.9600 -2.9620 -2.9637 -2.9653 
-2.9666 -2.9677 -2.9687 -2.9696 -2.9703 -2.9709 -2.9715 -2.9719 -2.9723 
-2.9726 -2.9729 -2.9731 -2.9733 -2.9734 -2.9736 -2.9737 -2.9737 -2.9738 
-2.9738 -2.9738 -2.9739 -2.9739 -2.9739 -2.9738 -2.9738 -2.9738 -2.9738 
-2.9738 -2.9738 -2.9737 -2.9737 -2.9737 -2.9737 -2.9737 -2.9738 -2.9738 
-2.9738 -2.9739 -2.9740 -2.9742 -2.9744 -2.9747 -2.9751 -2.9757 -2.9766 
-1.3961 -1.4201 -1.4437 -1.4672 -1.4910 -1.5157 -1.5418 -1.5701 -1.6009 
-1.6350 -1.6725 -1.7134 -1.7570 -1.8275 -1.9029 -1.9673 -2.0171 -2.0616 
-2.1075 -2.1560 -2.2067 -2.2618 -2.3130 -2.3612 -2.4063 -2.4476 -2.4853 
-2.5196 -2.5507 -2.5787 -2.6038 -2.6263 -2.6463 -2.6640 -2.6796 -2.6934 
-2.7055 -2.7161 -2.7254 -2.7335 -2.7406 -2.7467 -2.7521 -2.7567 -2.7606 
-2.7640 -2.7670 -2.7695 -2.7717 -2.7736 -2.7753 -2.7767 -2.7779 -2.7789 
-2.7798 -2.7806 -2.7813 -2.7818 -2.7823 -2.7827 -2.7830 -2.7833 -2.7835 
-2.7837 -2.7838 -2.7840 -2.7840 -2.7841 -2.7841 -2.7842 -2.7842 -2.7842 
-2.7842 -2.7842 -2.7842 -2.7842 -2.7842 -2.7842 -2.7842 -2.7842 -2.7842 
-2.7843 -2.7843 -2.7844 -2.7844 -2.7845 -2.7847 -2.7849 -2.7852 -2.7856 
-2.7861 -2.7869 -2.7879 -2.7894 -2.7915 -2.7946 -2.7992 -2.8061 -2.8166 
-1.3742 -1.3995 -1.4239 -1.4479 -1.4717 -1.4958 -1.5209 -1.5475 -1.5763 
-1.6077 -1.6422 -1.6788 -1.7246 -1.7854 -1.8513 -1.9083 -1.9546 -1.9959 
-2.0382 -2.0832 -2.1295 -2.1778 -2.2241 -2.2668 -2.3063 -2.3422 -2.3747 
-2.4041 -2.4304 -2.4540 -2.4749 -2.4934 -2.5098 -2.5241 -2.5366 -2.5475 
-2.5570 -2.5653 -2.5724 -2.5786 -2.5839 -2.5884 -2.5923 -2.5957 -2.5986 
-2.6010 -2.6031 -2.6049 -2.6065 -2.6078 -2.6090 -2.6100 -2.6108 -2.6115 
-2.6121 -2.6126 -2.6131 -2.6134 -2.6137 -2.6139 -2.6141 -2.6142 -2.6143 
-2.6144 -2.6145 -2.6145 -2.6145 -2.6146 -2.6146 -2.6146 -2.6146 -2.6146 
-2.6146 -2.6147 -2.6147 -2.6147 -2.6148 -2.6149 -2.6150 -2.6151 -2.6153 
-2.6155 -2.6158 -2.6163 -2.6169 -2.6177 -2.6187 -2.6203 -2.6224 -2.6255 
-2.6300 -2.6367 -2.6467 -2.6621 -2.6857 -2.7219 -2.7761 -2.8557 -2.9667 
-1.3546 -1.3810 -1.4062 -1.4305 -1.4542 -1.4778 -1.5017 -1.5266 -1.5532 
-1.5820 -1.6135 -1.6468 -1.6888 -1.7469 -1.8113 -1.8628 -1.9008 -1.9378 
-1.9756 -2.0155 -2.0569 -2.0994 -2.1403 -2.1779 -2.2122 -2.2432 -2.2709 
-2.2957 -2.3178 -2.3373 -2.3545 -2.3695 -2.3826 -2.3940 -2.4038 -2.4123 
-2.4196 -2.4259 -2.4313 -2.4358 -2.4398 -2.4431 -2.4459 -2.4483 -2.4504 
-2.4522 -2.4537 -2.4549 -2.4560 -2.4570 -2.4577 -2.4584 -2.4589 -2.4594 
-2.4598 -2.4600 -2.4603 -2.4605 -2.4606 -2.4607 -2.4608 -2.4608 -2.4609 
-2.4609 -2.4610 -2.4610 -2.4610 -2.4611 -2.4611 -2.4612 -2.4612 -2.4613 
-2.4614 -2.4616 -2.4618 -2.4620 -2.4624 -2.4628 -2.4634 -2.4642 -2.4653 
-2.4668 -2.4689 -2.4718 -2.4760 -2.4821 -2.4911 -2.5046 -2.5251 -2.5559 
-2.6022 -2.6704 -2.7670 -2.8962 -3.0580 -3.2477 -3.4581 -3.6811 -3.9083 
-1.3368 -1.3642 -1.3900 -1.4145 -1.4379 -1.4607 -1.4834 -1.5066 -1.5310 
-1.5572 -1.5857 -1.6160 -1.6536 -1.7135 -1.7791 -1.8204 -1.8476 -1.8807 
-1.9145 -1.9497 -1.9865 -2.0242 -2.0599 -2.0925 -2.1221 -2.1484 -2.1717 
-2.1924 -2.2106 -2.2265 -2.2404 -2.2524 -2.2627 -2.2716 -2.2792 -2.2856 
-2.2911 -2.2958 -2.2998 -2.3032 -2.3060 -2.3084 -2.3105 -2.3122 -2.3137 
-2.3149 -2.3159 -2.3168 -2.3175 -2.3181 -2.3186 -2.3190 -2.3193 -2.3196 
-2.3197 -2.3199 -2.3200 -2.3201 -2.3202 -2.3202 -2.3203 -2.3204 -2.3204 
-2.3205 -2.3206 -2.3207 -2.3208 -2.3210 -2.3212 -2.3214 -2.3218 -2.3222 
-2.3228 -2.3236 -2.3246 -2.3260 -2.3279 -2.3305 -2.3342 -2.3394 -2.3470 
-2.3581 -2.3748 -2.3994 -2.4361 -2.4905 -2.5689 -2.6768 -2.8167 -2.9873 
-3.1831 -3.3971 -3.6217 -3.8502 -4.0758 -4.2930 -4.4966 -4.6820 -4.8469 
-1.3206 -1.3487 -1.3749 -1.3993 -1.4223 -1.4442 -1.4655 -1.4869 -1.5092 
-1.5330 -1.5589 -1.5872 -1.6188 -1.6850 -1.7376 -1.7760 -1.7982 -1.8273 
-1.8574 -1.8875 -1.9209 -1.9538 -1.9850 -2.0130 -2.0383 -2.0606 -2.0802 
-2.0974 -2.1122 -2.1251 -2.1362 -2.1457 -2.1538 -2.1607 -2.1665 -2.1714 
-2.1755 -2.1790 -2.1820 -2.1844 -2.1865 -2.1883 -2.1897 -2.1909 -2.1919 
-2.1928 -2.1934 -2.1940 -2.1944 -2.1948 -2.1951 -2.1953 -2.1955 -2.1956 
-2.1957 -2.1958 -2.1959 -2.1960 -2.1961 -2.1962 -2.1964 -2.1965 -2.1967 
-2.1970 -2.1973 -2.1977 -2.1983 -2.1989 -2.1998 -2.2010 -2.2026 -2.2048 
-2.2078 -2.2119 -2.2178 -2.2262 -2.2385 -2.2564 -2.2828 -2.3218 -2.3788 
-2.4598 -2.5697 -2.7103 -2.8804 -3.0750 -3.2874 -3.5108 -3.7390 -3.9660 
-4.1861 -4.3947 -4.5872 -4.7596 -4.9100 -5.0379 -5.1436 -5.2285 -5.2944 
-1.3051 -1.3336 -1.3599 -1.3841 -1.4064 -1.4273 -1.4471 -1.4668 -1.4870 
-1.5085 -1.5318 -1.5573 -1.5848 -1.6541 -1.6953 -1.7305 -1.7507 -1.7756 
-1.8023 -1.8288 -1.8580 -1.8868 -1.9138 -1.9380 -1.9595 -1.9783 -1.9946 
-2.0086 -2.0208 -2.0311 -2.0399 -2.0473 -2.0536 -2.0589 -2.0633 -2.0670 
-2.0701 -2.0727 -2.0749 -2.0767 -2.0781 -2.0794 -2.0803 -2.0812 -2.0818 
-2.0823 -2.0827 -2.0831 -2.0833 -2.0836 -2.0837 -2.0839 -2.0841 -2.0842 
-2.0844 -2.0845 -2.0847 -2.0850 -2.0853 -2.0857 -2.0861 -2.0867 -2.0875 
-2.0885 -2.0898 -2.0915 -2.0938 -2.0970 -2.1014 -2.1075 -2.1162 -2.1286 
-2.1466 -2.1729 -2.2112 -2.2668 -2.3450 -2.4506 -2.5860 -2.7500 -2.9385 
-3.1457 -3.3654 -3.5911 -3.8180 -4.0415 -4.2558 -4.4562 -4.6386 -4.7995 
-4.9376 -5.0524 -5.1451 -5.2175 -5.2719 -5.3111 -5.3376 -5.3541 -5.3624 
-1.2899 -1.3186 -1.3448 -1.3685 -1.3899 -1.4097 -1.4280 -1.4460 -1.4643 
-1.4837 -1.5047 -1.5274 -1.5523 -1.6108 -1.6482 -1.6805 -1.7011 -1.7235 
-1.7482 -1.7728 -1.7988 -1.8244 -1.8478 -1.8688 -1.8871 -1.9030 -1.9166 
-1.9282 -1.9380 -1.9464 -1.9534 -1.9593 -1.9641 -1.9682 -1.9716 -1.9744 
-1.9767 -1.9786 -1.9801 -1.9814 -1.9824 -1.9832 -1.9839 -1.9844 -1.9848 
-1.9852 -1.9855 -1.9857 -1.9860 -1.9862 -1.9864 -1.9867 -1.9870 -1.9873 
-1.9877 -1.9882 -1.9888 -1.9896 -1.9906 -1.9920 -1.9937 -1.9960 -1.9991 
-2.0033 -2.0092 -2.0173 -2.0287 -2.0452 -2.0688 -2.1031 -2.1523 -2.2217 
-2.3160 -2.4383 -2.5889 -2.7652 -2.9622 -3.1739 -3.3950 -3.6200 -3.8445 
-4.0640 -4.2737 -4.4687 -4.6447 -4.7983 -4.9284 -5.0351 -5.1197 -5.1848 
-5.2330 -5.2672 -5.2899 -5.3042 -5.3120 -5.3151 -5.3151 -5.3130 -5.3102 
-1.2742 -1.3029 -1.3286 -1.3515 -1.3719 -1.3906 -1.4073 -1.4236 -1.4400 
-1.4575 -1.4763 -1.4957 -1.5252 -1.5741 -1.6082 -1.6368 -1.6565 -1.6757 
-1.6969 -1.7191 -1.7419 -1.7644 -1.7849 -1.8029 -1.8186 -1.8319 -1.8432 
-1.8528 -1.8608 -1.8675 -1.8731 -1.8777 -1.8815 -1.8846 -1.8872 -1.8892 
-1.8909 -1.8923 -1.8933 -1.8942 -1.8949 -1.8955 -1.8960 -1.8964 -1.8968 
-1.8971 -1.8974 -1.8978 -1.8982 -1.8986 -1.8991 -1.8998 -1.9006 -1.9016 
-1.9029 -1.9046 -1.9068 -1.9097 -1.9137 -1.9190 -1.9263 -1.9366 -1.9510 
-1.9715 -2.0008 -2.0428 -2.1019 -2.1828 -2.2893 -2.4231 -2.5834 -2.7665 
-2.9672 -3.1802 -3.4003 -3.6230 -3.8443 -4.0606 -4.2666 -4.4575 -4.6286 
-4.7771 -4.9017 -5.0031 -5.0829 -5.1437 -5.1888 -5.2211 -5.2433 -5.2576 
-5.2663 -5.2707 -5.2727 -5.2728 -5.2721 -5.2710 -5.2700 -5.2692 -5.2686 
-1.2582 -1.2865 -1.3116 -1.3335 -1.3526 -1.3704 -1.3856 -1.4001 -1.4149 
-1.4306 -1.4475 -1.4642 -1.4947 -1.5377 -1.5695 -1.5945 -1.6127 -1.6294 
-1.6478 -1.6676 -1.6876 -1.7074 -1.7254 -1.7410 -1.7544 -1.7657 -1.7752 
-1.7831 -1.7896 -1.7950 -1.7995 -1.8031 -1.8060 -1.8084 -1.8103 -1.8119 
-1.8131 -1.8141 -1.8149 -1.8156 -1.8162 -1.8167 -1.8172 -1.8177 -1.8182 
-1.8188 -1.8194 -1.8202 -1.8212 -1.8224 -1.8240 -1.8260 -1.8285 -1.8320 
-1.8365 -1.8427 -1.8511 -1.8629 -1.8793 -1.9024 -1.9353 -1.9816 -2.0456 
-2.1317 -2.2430 -2.3806 -2.5429 -2.7260 -2.9256 -3.1363 -3.3537 -3.5735 
-3.7925 -4.0067 -4.2118 -4.4025 -4.5740 -4.7231 -4.8484 -4.9507 -5.0315 
-5.0938 -5.1405 -5.1745 -5.1985 -5.2147 -5.2254 -5.2319 -5.2356 -5.2377 
-5.2388 -5.2394 -5.2397 -5.2397 -5.2395 -5.2389 -5.2377 -5.2357 -5.2328 
-1.2415 -1.2692 -1.2933 -1.3141 -1.3319 -1.3486 -1.3626 -1.3751 -1.3883 
-1.4024 -1.4176 -1.4320 -1.4616 -1.5029 -1.5322 -1.5528 -1.5691 -1.5835 
-1.5997 -1.6169 -1.6347 -1.6524 -1.6683 -1.6818 -1.6933 -1.7029 -1.7108 
-1.7174 -1.7227 -1.7271 -1.7307 -1.7335 -1.7358 -1.7376 -1.7391 -1.7404 
-1.7414 -1.7422 -1.7430 -1.7437 -1.7445 -1.7452 -1.7460 -1.7470 -1.7481 
-1.7496 -1.7513 -1.7536 -1.7565 -1.7603 -1.7654 -1.7722 -1.7814 -1.7942 
-1.8119 -1.8368 -1.8717 -1.9201 -1.9863 -2.0738 -2.1858 -2.3229 -2.4836 
-2.6641 -2.8601 -3.0672 -3.2807 -3.4973 -3.7137 -3.9268 -4.1324 -4.3251 
-4.4998 -4.6531 -4.7828 -4.8895 -4.9749 -5.0413 -5.0916 -5.1288 -5.1554 
-5.1742 -5.1869 -5.1952 -5.2008 -5.2044 -5.2067 -5.2081 -5.2087 -5.2085 
-5.2075 -5.2054 -5.2021 -5.1972 -5.1906 -5.1819 -5.1709 -5.1575 -5.1417 
-1.2248 -1.2516 -1.2745 -1.2940 -1.3103 -1.3258 -1.3392 -1.3493 -1.3611 
-1.3735 -1.3872 -1.4003 -1.4261 -1.4657 -1.4902 -1.5069 -1.5236 -1.5371 
-1.5521 -1.5676 -1.5840 -1.5997 -1.6138 -1.6256 -1.6355 -1.6437 -1.6505 
-1.6560 -1.6605 -1.6641 -1.6670 -1.6693 -1.6712 -1.6728 -1.6741 -1.6753 
-1.6764 -1.6774 -1.6785 -1.6797 -1.6810 -1.6826 -1.6845 -1.6870 -1.6901 
-1.6941 -1.6994 -1.7065 -1.7160 -1.7290 -1.7469 -1.7718 -1.8064 -1.8539 
-1.9181 -2.0027 -2.1105 -2.2423 -2.3969 -2.5711 -2.7612 -2.9629 -3.1717 
-3.3846 -3.5988 -3.8114 -4.0188 -4.2161 -4.3980 -4.5596 -4.6986 -4.8146 
-4.9085 -4.9823 -5.0387 -5.0808 -5.1116 -5.1335 -5.1488 -5.1593 -5.1663 
-5.1710 -5.1738 -5.1752 -5.1751 -5.1736 -5.1705 -5.1656 -5.1588 -5.1497 
-5.1383 -5.1245 -5.1082 -5.0894 -5.0683 -5.0451 -5.0196 -4.9925 -4.9641 
-1.2088 -1.2344 -1.2560 -1.2740 -1.2888 -1.3023 -1.3158 -1.3232 -1.3335 
-1.3444 -1.3565 -1.3689 -1.3903 -1.4352 -1.4518 -1.4652 -1.4820 -1.4935 
-1.5071 -1.5203 -1.5351 -1.5490 -1.5616 -1.5720 -1.5807 -1.5878 -1.5937 
-1.5984 -1.6022 -1.6053 -1.6079 -1.6100 -1.6118 -1.6134 -1.6150 -1.6165 
-1.6181 -1.6200 -1.6221 -1.6246 -1.6278 -1.6319 -1.6372 -1.6441 -1.6534 
-1.6659 -1.6829 -1.7064 -1.7386 -1.7825 -1.8416 -1.9194 -2.0190 -2.1414 
-2.2861 -2.4510 -2.6325 -2.8267 -3.0297 -3.2382 -3.4497 -3.6616 -3.8716 
-4.0749 -4.2658 -4.4396 -4.5923 -4.7218 -4.8281 -4.9128 -4.9784 -5.0279 
-5.0643 -5.0905 -5.1091 -5.1219 -5.1305 -5.1358 -5.1386 -5.1390 -5.1374 
-5.1335 -5.1274 -5.1190 -5.1080 -5.0945 -5.0786 -5.0601 -5.0394 -5.0166 
-4.9916 -4.9648 -4.9369 -4.9079 -4.8780 -4.8475 -4.8170 -4.7867 -4.7569 
-1.1940 -1.2183 -1.2383 -1.2545 -1.2677 -1.2786 -1.2920 -1.2970 -1.3057 
-1.3152 -1.3256 -1.3375 -1.3530 -1.3975 -1.4125 -1.4231 -1.4382 -1.4487 
-1.4614 -1.4733 -1.4865 -1.4991 -1.5103 -1.5196 -1.5273 -1.5336 -1.5388 
-1.5431 -1.5466 -1.5495 -1.5521 -1.5544 -1.5567 -1.5589 -1.5614 -1.5642 
-1.5675 -1.5715 -1.5767 -1.5833 -1.5920 -1.6036 -1.6192 -1.6404 -1.6692 
-1.7082 -1.7605 -1.8298 -1.9185 -2.0291 -2.1614 -2.3142 -2.4849 -2.6700 
-2.8658 -3.0690 -3.2769 -3.4874 -3.6986 -3.9068 -4.1071 -4.2940 -4.4625 
-4.6083 -4.7306 -4.8296 -4.9074 -4.9667 -5.0108 -5.0429 -5.0656 -5.0812 
-5.0912 -5.0969 -5.0991 -5.0981 -5.0941 -5.0874 -5.0779 -5.0657 -5.0508 
-5.0334 -5.0136 -4.9917 -4.9677 -4.9416 -4.9145 -4.8861 -4.8569 -4.8269 
-4.7970 -4.7671 -4.7377 -4.7088 -4.6808 -4.6538 -4.6279 -4.6032 -4.5796 
-1.1812 -1.2038 -1.2218 -1.2359 -1.2470 -1.2558 -1.2667 -1.2709 -1.2777 
-1.2855 -1.2944 -1.3043 -1.3203 -1.3585 -1.3728 -1.3825 -1.3922 -1.4057 
-1.4171 -1.4283 -1.4398 -1.4514 -1.4616 -1.4702 -1.4773 -1.4832 -1.4881 
-1.4923 -1.4960 -1.4994 -1.5027 -1.5060 -1.5097 -1.5139 -1.5189 -1.5252 
-1.5333 -1.5437 -1.5576 -1.5761 -1.6009 -1.6343 -1.6790 -1.7382 -1.8149 
-1.9114 -2.0289 -2.1670 -2.3240 -2.4974 -2.6841 -2.8803 -3.0835 -3.2914 
-3.5019 -3.7132 -3.9206 -4.1195 -4.3039 -4.4684 -4.6097 -4.7267 -4.8206 
-4.8930 -4.9477 -4.9877 -5.0161 -5.0352 -5.0472 -5.0534 -5.0548 -5.0522 
-5.0459 -5.0363 -5.0237 -5.0082 -4.9902 -4.9698 -4.9473 -4.9225 -4.8964 
-4.8691 -4.8407 -4.8115 -4.7820 -4.7526 -4.7234 -4.6947 -4.6668 -4.6397 
-4.6137 -4.5889 -4.5652 -4.5428 -4.5216 -4.5017 -4.4829 -4.4652 -4.4486 
-1.1703 -1.1908 -1.2064 -1.2181 -1.2267 -1.2333 -1.2397 -1.2441 -1.2492 
-1.2554 -1.2627 -1.2701 -1.2901 -1.3197 -1.3343 -1.3425 -1.3520 -1.3618 
-1.3722 -1.3832 -1.3942 -1.4049 -1.4145 -1.4226 -1.4295 -1.4355 -1.4409 
-1.4458 -1.4505 -1.4555 -1.4609 -1.4671 -1.4747 -1.4842 -1.4963 -1.5121 
-1.5329 -1.5607 -1.5976 -1.6465 -1.7102 -1.7915 -1.8924 -2.0134 -2.1541 
-2.3129 -2.4872 -2.6738 -2.8703 -3.0735 -3.2816 -3.4929 -3.7041 -3.9116 
-4.1098 -4.2928 -4.4555 -4.5945 -4.7086 -4.7990 -4.8684 -4.9198 -4.9564 
-4.9812 -4.9964 -5.0039 -5.0053 -5.0016 -4.9936 -4.9818 -4.9668 -4.9490 
-4.9287 -4.9059 -4.8815 -4.8556 -4.8284 -4.8001 -4.7714 -4.7425 -4.7136 
-4.6850 -4.6571 -4.6298 -4.6036 -4.5784 -4.5544 -4.5316 -4.5100 -4.4897 
-4.4706 -4.4527 -4.4358 -4.4201 -4.4054 -4.3921 -4.3801 -4.3697 -4.3608 
-1.1598 -1.1779 -1.1908 -1.1997 -1.2056 -1.2102 -1.2104 -1.2152 -1.2198 
-1.2243 -1.2300 -1.2357 -1.2542 -1.2783 -1.2917 -1.2996 -1.3078 -1.3180 
-1.3285 -1.3392 -1.3497 -1.3600 -1.3695 -1.3779 -1.3855 -1.3925 -1.3995 
-1.4066 -1.4144 -1.4235 -1.4344 -1.4480 -1.4653 -1.4878 -1.5173 -1.5562 
-1.6070 -1.6725 -1.7551 -1.8567 -1.9778 -2.1180 -2.2760 -2.4491 -2.6346 
-2.8299 -3.0325 -3.2406 -3.4514 -3.6629 -3.8705 -4.0692 -4.2532 -4.4169 
-4.5567 -4.6713 -4.7617 -4.8303 -4.8801 -4.9144 -4.9360 -4.9474 -4.9507 
-4.9475 -4.9391 -4.9264 -4.9102 -4.8912 -4.8692 -4.8455 -4.8202 -4.7937 
-4.7660 -4.7378 -4.7094 -4.6810 -4.6530 -4.6256 -4.5989 -4.5732 -4.5485 
-4.5250 -4.5028 -4.4818 -4.4620 -4.4434 -4.4260 -4.4098 -4.3947 -4.3809 
-4.3684 -4.3574 -4.3479 -4.3400 -4.3336 -4.3286 -4.3248 -4.3220 -4.3201 
-1.1448 -1.1602 -1.1705 -1.1768 -1.1803 -1.1835 -1.1768 -1.1802 -1.1869 
-1.1900 -1.1944 -1.1987 -1.2156 -1.2378 -1.2503 -1.2573 -1.2646 -1.2741 
-1.2844 -1.2946 -1.3052 -1.3158 -1.3263 -1.3363 -1.3461 -1.3564 -1.3675 
-1.3803 -1.3957 -1.4146 -1.4386 -1.4695 -1.5095 -1.5610 -1.6267 -1.7089 
-1.8093 -1.9286 -2.0668 -2.2220 -2.3926 -2.5756 -2.7686 -2.9693 -3.1755 
-3.3852 -3.5955 -3.8029 -4.0026 -4.1883 -4.3545 -4.4972 -4.6146 -4.7069 
-4.7764 -4.8259 -4.8588 -4.8780 -4.8863 -4.8861 -4.8792 -4.8671 -4.8511 
-4.8314 -4.8093 -4.7854 -4.7599 -4.7332 -4.7057 -4.6780 -4.6503 -4.6228 
-4.5958 -4.5695 -4.5442 -4.5200 -4.4969 -4.4750 -4.4544 -4.4350 -4.4169 
-4.3999 -4.3842 -4.3697 -4.3565 -4.3447 -4.3344 -4.3258 -4.3187 -4.3131 
-4.3088 -4.3057 -4.3036 -4.3024 -4.3018 -4.3017 -4.3021 -4.3028 -4.3038 
-1.1185 -1.1312 -1.1392 -1.1436 -1.1456 -1.1482 -1.1371 -1.1343 -1.1476 
-1.1498 -1.1532 -1.1569 -1.1702 -1.1924 -1.2039 -1.2106 -1.2179 -1.2269 
-1.2380 -1.2487 -1.2607 -1.2733 -1.2868 -1.3010 -1.3166 -1.3343 -1.3553 
-1.3809 -1.4130 -1.4535 -1.5048 -1.5694 -1.6497 -1.7470 -1.8627 -1.9966 
-2.1472 -2.3129 -2.4911 -2.6793 -2.8755 -3.0778 -3.2839 -3.4918 -3.6981 
-3.8983 -4.0867 -4.2571 -4.4048 -4.5271 -4.6241 -4.6972 -4.7491 -4.7830 
-4.8022 -4.8097 -4.8081 -4.7997 -4.7856 -4.7677 -4.7469 -4.7238 -4.6990 
-4.6730 -4.6465 -4.6197 -4.5929 -4.5666 -4.5408 -4.5159 -4.4920 -4.4692 
-4.4476 -4.4273 -4.4082 -4.3904 -4.3738 -4.3585 -4.3444 -4.3317 -4.3205 
-4.3108 -4.3028 -4.2964 -4.2914 -4.2878 -4.2854 -4.2840 -4.2834 -4.2834 
-4.2840 -4.2850 -4.2863 -4.2878 -4.2894 -4.2911 -4.2927 -4.2943 -4.2956 
-1.0741 -1.0847 -1.0911 -1.0947 -1.0963 -1.0987 -1.0898 -1.0715 -1.0981 
-1.0999 -1.1030 -1.1075 -1.1160 -1.1376 -1.1477 -1.1562 -1.1656 -1.1763 
-1.1899 -1.2038 -1.2198 -1.2378 -1.2584 -1.2820 -1.3095 -1.3427 -1.3834 
-1.4338 -1.4961 -1.5726 -1.6651 -1.7747 -1.9015 -2.0447 -2.2026 -2.3728 
-2.5532 -2.7422 -2.9378 -3.1385 -3.3423 -3.5460 -3.7457 -3.9360 -4.1106 
-4.2646 -4.3944 -4.4990 -4.5794 -4.6376 -4.6767 -4.7002 -4.7110 -4.7118 
-4.7050 -4.6928 -4.6763 -4.6565 -4.6344 -4.6110 -4.5865 -4.5616 -4.5366 
-4.5118 -4.4877 -4.4643 -4.4419 -4.4206 -4.4006 -4.3818 -4.3642 -4.3478 
-4.3328 -4.3191 -4.3067 -4.2958 -4.2866 -4.2790 -4.2730 -4.2686 -4.2656 
-4.2638 -4.2630 -4.2630 -4.2638 -4.2650 -4.2666 -4.2685 -4.2705 -4.2725 
-4.2745 -4.2763 -4.2780 -4.2793 -4.2803 -4.2809 -4.2809 -4.2802 -4.2787 
-1.0039 -1.0145 -1.0213 -1.0255 -1.0280 -1.0294 -1.0312 -0.9886 -1.0317 
-1.0359 -1.0398 -1.0452 -1.0530 -1.0732 -1.0862 -1.0980 -1.1105 -1.1260 
-1.1442 -1.1651 -1.1896 -1.2185 -1.2528 -1.2939 -1.3432 -1.4028 -1.4749 
-1.5614 -1.6633 -1.7812 -1.9146 -2.0619 -2.2217 -2.3922 -2.5717 -2.7592 
-2.9528 -3.1505 -3.3496 -3.5463 -3.7357 -3.9120 -4.0702 -4.2069 -4.3199 
-4.4095 -4.4774 -4.5259 -4.5582 -4.5771 -4.5852 -4.5852 -4.5790 -4.5679 
-4.5529 -4.5355 -4.5161 -4.4954 -4.4740 -4.4525 -4.4311 -4.4102 -4.3901 
-4.3708 -4.3526 -4.3356 -4.3197 -4.3051 -4.2917 -4.2798 -4.2693 -4.2604 
-4.2531 -4.2476 -4.2437 -4.2412 -4.2400 -4.2399 -4.2407 -4.2421 -4.2441 
-4.2463 -4.2488 -4.2513 -4.2538 -4.2561 -4.2581 -4.2599 -4.2612 -4.2620 
-4.2622 -4.2616 -4.2602 -4.2578 -4.2541 -4.2492 -4.2428 -4.2349 -4.2254 
-0.9060 -0.9176 -0.9261 -0.9323 -0.9368 -0.9403 -0.9475 -0.8965 -0.9423 
-0.9555 -0.9618 -0.9699 -0.9802 -1.0000 -1.0191 -1.0372 -1.0568 -1.0801 
-1.1082 -1.1414 -1.1807 -1.2277 -1.2842 -1.3516 -1.4313 -1.5248 -1.6325 
-1.7547 -1.8904 -2.0385 -2.1979 -2.3673 -2.5452 -2.7299 -2.9201 -3.1121 
-3.3021 -3.4863 -3.6598 -3.8180 -3.9579 -4.0775 -4.1761 -4.2549 -4.3155 
-4.3608 -4.3938 -4.4145 -4.4262 -4.4312 -4.4307 -4.4257 -4.4171 -4.4059 
-4.3928 -4.3781 -4.3626 -4.3468 -4.3309 -4.3153 -4.3003 -4.2860 -4.2726 
-4.2602 -4.2491 -4.2393 -4.2310 -4.2243 -4.2193 -4.2159 -4.2141 -4.2135 
-4.2142 -4.2157 -4.2179 -4.2207 -4.2237 -4.2268 -4.2299 -4.2329 -4.2356 
-4.2379 -4.2398 -4.2411 -4.2417 -4.2416 -4.2406 -4.2384 -4.2350 -4.2302 
-4.2239 -4.2158 -4.2060 -4.1943 -4.1806 -4.1649 -4.1469 -4.1266 -4.1040 
-0.7834 -0.7959 -0.8061 -0.8148 -0.8222 -0.8292 -0.8427 -0.7956 -0.8321 
-0.8603 -0.8713 -0.8847 -0.9007 -0.9237 -0.9518 -0.9805 -1.0114 -1.0474 
-1.0908 -1.1424 -1.2037 -1.2755 -1.3600 -1.4576 -1.5685 -1.6924 -1.8286 
-1.9764 -2.1351 -2.3028 -2.4780 -2.6582 -2.8407 -3.0210 -3.1960 -3.3612 
-3.5139 -3.6514 -3.7727 -3.8772 -3.9657 -4.0391 -4.0987 -4.1463 -4.1834 
-4.2121 -4.2333 -4.2481 -4.2591 -4.2648 -4.2667 -4.2659 -4.2626 -4.2573 
-4.2505 -4.2426 -4.2340 -4.2253 -4.2165 -4.2083 -4.2008 -4.1944 -4.1891 
-4.1853 -4.1830 -4.1822 -4.1827 -4.1843 -4.1869 -4.1901 -4.1938 -4.1978 
-4.2018 -4.2056 -4.2092 -4.2125 -4.2152 -4.2173 -4.2187 -4.2193 -4.2189 
-4.2174 -4.2146 -4.2102 -4.2042 -4.1964 -4.1867 -4.1749 -4.1609 -4.1447 
-4.1261 -4.1051 -4.0817 -4.0560 -4.0279 -3.9979 -3.9660 -3.9327 -3.8981 
-0.6463 -0.6594 -0.6713 -0.6826 -0.6936 -0.7046 -0.7227 -0.6950 -0.7108 
-0.7582 -0.7765 -0.7979 -0.8230 -0.8530 -0.8915 -0.9347 -0.9816 -1.0354 
-1.1000 -1.1748 -1.2609 -1.3595 -1.4711 -1.5954 -1.7316 -1.8785 -2.0350 
-2.1990 -2.3680 -2.5385 -2.7069 -2.8697 -3.0236 -3.1666 -3.2976 -3.4146 
-3.5202 -3.6142 -3.6973 -3.7703 -3.8341 -3.8894 -3.9371 -3.9779 -4.0124 
-4.0416 -4.0656 -4.0856 -4.1019 -4.1148 -4.1245 -4.1315 -4.1364 -4.1389 
-4.1399 -4.1400 -4.1395 -4.1391 -4.1391 -4.1398 -4.1415 -4.1441 -4.1477 
-4.1520 -4.1568 -4.1620 -4.1673 -4.1726 -4.1776 -4.1821 -4.1862 -4.1896 
-4.1922 -4.1939 -4.1947 -4.1942 -4.1924 -4.1891 -4.1840 -4.1770 -4.1678 
-4.1565 -4.1428 -4.1267 -4.1081 -4.0869 -4.0632 -4.0371 -4.0086 -3.9779 
-3.9452 -3.9108 -3.8749 -3.8376 -3.7992 -3.7598 -3.7192 -3.6777 -3.6349 
-0.5082 -0.5210 -0.5342 -0.5480 -0.5625 -0.5780 -0.5987 -0.6012 -0.5912 
-0.6591 -0.6864 -0.7179 -0.7545 -0.7965 -0.8486 -0.9093 -0.9763 -1.0513 
-1.1376 -1.2365 -1.3471 -1.4700 -1.6039 -1.7479 -1.8993 -2.0551 -2.2120 
-2.3668 -2.5157 -2.6567 -2.7883 -2.9099 -3.0219 -3.1251 -3.2202 -3.3082 
-3.3900 -3.4650 -3.5353 -3.6007 -3.6610 -3.7164 -3.7669 -3.8126 -3.8537 
-3.8903 -3.9230 -3.9519 -3.9772 -3.9991 -4.0177 -4.0337 -4.0472 -4.0587 
-4.0689 -4.0783 -4.0871 -4.0958 -4.1043 -4.1128 -4.1211 -4.1290 -4.1366 
-4.1436 -4.1498 -4.1553 -4.1600 -4.1636 -4.1661 -4.1673 -4.1672 -4.1655 
-4.1619 -4.1564 -4.1486 -4.1384 -4.1258 -4.1105 -4.0925 -4.0718 -4.0485 
-4.0225 -3.9940 -3.9632 -3.9301 -3.8951 -3.8583 -3.8200 -3.7802 -3.7391 
-3.6968 -3.6533 -3.6086 -3.5626 -3.5151 -3.4663 -3.4158 -3.3638 -3.3102 
-0.3758 -0.3880 -0.4022 -0.4183 -0.4366 -0.4572 -0.4804 -0.5087 -0.4952 
-0.5623 -0.6078 -0.6514 -0.7020 -0.7596 -0.8283 -0.9091 -0.9989 -1.0956 
-1.2031 -1.3218 -1.4505 -1.5868 -1.7273 -1.8693 -2.0091 -2.1440 -2.2720 
-2.3921 -2.5046 -2.6099 -2.7088 -2.8024 -2.8915 -2.9770 -3.0595 -3.1393 
-3.2168 -3.2918 -3.3642 -3.4338 -3.5001 -3.5629 -3.6219 -3.6769 -3.7279 
-3.7746 -3.8176 -3.8567 -3.8922 -3.9243 -3.9530 -3.9788 -4.0018 -4.0224 
-4.0409 -4.0575 -4.0723 -4.0855 -4.0971 -4.1073 -4.1159 -4.1231 -4.1288 
-4.1330 -4.1355 -4.1363 -4.1351 -4.1319 -4.1262 -4.1180 -4.1071 -4.0934 
-4.0767 -4.0572 -4.0348 -4.0095 -3.9816 -3.9511 -3.9181 -3.8830 -3.8459 
-3.8069 -3.7663 -3.7243 -3.6808 -3.6361 -3.5900 -3.5427 -3.4941 -3.4441 
-3.3927 -3.3399 -3.2857 -3.2301 -3.1731 -3.1147 -3.0552 -2.9944 -2.9326 
-0.2501 -0.2633 -0.2794 -0.2987 -0.3214 -0.3476 -0.3778 -0.4165 -0.4233 
-0.4796 -0.5468 -0.6046 -0.6711 -0.7472 -0.8322 -0.9302 -1.0382 -1.1495 
-1.2674 -1.3904 -1.5157 -1.6404 -1.7614 -1.8773 -1.9875 -2.0921 -2.1915 
-2.2866 -2.3783 -2.4673 -2.5543 -2.6401 -2.7249 -2.8090 -2.8928 -2.9760 
-3.0585 -3.1401 -3.2204 -3.2987 -3.3746 -3.4477 -3.5175 -3.5836 -3.6459 
-3.7041 -3.7582 -3.8084 -3.8543 -3.8959 -3.9327 -3.9652 -3.9935 -4.0177 
-4.0382 -4.0553 -4.0693 -4.0804 -4.0890 -4.0949 -4.0983 -4.0992 -4.0973 
-4.0925 -4.0848 -4.0740 -4.0599 -4.0426 -4.0222 -3.9986 -3.9721 -3.9427 
-3.9107 -3.8763 -3.8396 -3.8009 -3.7603 -3.7179 -3.6741 -3.6288 -3.5821 
-3.5342 -3.4849 -3.4344 -3.3826 -3.3296 -3.2752 -3.2195 -3.1626 -3.1045 
-3.0451 -2.9846 -2.9231 -2.8606 -2.7973 -2.7331 -2.6682 -2.6026 -2.5364 
-0.1247 -0.1421 -0.1627 -0.1872 -0.2157 -0.2488 -0.2869 -0.3344 -0.3676 
-0.4098 -0.5016 -0.5735 -0.6539 -0.7438 -0.8401 -0.9441 -1.0550 -1.1613 
-1.2685 -1.3764 -1.4813 -1.5827 -1.6805 -1.7749 -1.8668 -1.9567 -2.0452 
-2.1329 -2.2204 -2.3079 -2.3958 -2.4843 -2.5737 -2.6638 -2.7546 -2.8458 
-2.9373 -3.0286 -3.1191 -3.2083 -3.2955 -3.3801 -3.4615 -3.5393 -3.6128 
-3.6814 -3.7445 -3.8021 -3.8531 -3.8977 -3.9359 -3.9679 -3.9940 -4.0148 
-4.0306 -4.0418 -4.0487 -4.0516 -4.0504 -4.0454 -4.0364 -4.0236 -4.0070 
-3.9868 -3.9632 -3.9364 -3.9065 -3.8738 -3.8386 -3.8010 -3.7613 -3.7197 
-3.6762 -3.6312 -3.5847 -3.5368 -3.4877 -3.4372 -3.3855 -3.3326 -3.2784 
-3.2231 -3.1665 -3.1088 -3.0500 -2.9901 -2.9292 -2.8673 -2.8045 -2.7409 
-2.6766 -2.6115 -2.5459 -2.4797 -2.4130 -2.3459 -2.2784 -2.2106 -2.1425 
 0.0095 -0.0155 -0.0437 -0.0756 -0.1121 -0.1536 -0.2009 -0.2544 -0.3156 
-0.3464 -0.4483 -0.5349 -0.6209 -0.7126 -0.8070 -0.9027 -0.9990 -1.0953 
-1.1870 -1.2745 -1.3646 -1.4535 -1.5415 -1.6291 -1.7168 -1.8050 -1.8939 
-1.9838 -2.0751 -2.1680 -2.2624 -2.3585 -2.4562 -2.5556 -2.6563 -2.7580 
-2.8602 -2.9625 -3.0644 -3.1650 -3.2634 -3.3586 -3.4497 -3.5357 -3.6155 
-3.6881 -3.7529 -3.8096 -3.8580 -3.8980 -3.9299 -3.9541 -3.9709 -3.9810 
-3.9848 -3.9826 -3.9750 -3.9624 -3.9451 -3.9235 -3.8981 -3.8691 -3.8371 
-3.8021 -3.7645 -3.7247 -3.6827 -3.6389 -3.5934 -3.5463 -3.4977 -3.4479 
-3.3967 -3.3443 -3.2908 -3.2360 -3.1801 -3.1231 -3.0650 -3.0059 -2.9458 
-2.8847 -2.8228 -2.7599 -2.6962 -2.6320 -2.5670 -2.5014 -2.4353 -2.3687 
-2.3018 -2.2344 -2.1668 -2.0990 -2.0310 -1.9629 -1.8948 -1.8266 -1.7586 
 0.1538  0.1203  0.0837  0.0434 -0.0014 -0.0506 -0.1051 -0.1651 -0.2357 
-0.2690 -0.3586 -0.4561 -0.5382 -0.6230 -0.7091 -0.7951 -0.8816 -0.9686 
-1.0558 -1.1433 -1.2307 -1.3119 -1.4003 -1.4898 -1.5806 -1.6731 -1.7675 
-1.8640 -1.9631 -2.0642 -2.1678 -2.2736 -2.3815 -2.4913 -2.6025 -2.7148 
-2.8277 -2.9401 -3.0514 -3.1603 -3.2653 -3.3653 -3.4590 -3.5449 -3.6222 
-3.6903 -3.7480 -3.7958 -3.8333 -3.8606 -3.8784 -3.8872 -3.8878 -3.8812 
-3.8681 -3.8492 -3.8254 -3.7972 -3.7652 -3.7300 -3.6918 -3.6511 -3.6082 
-3.5633 -3.5165 -3.4682 -3.4185 -3.3673 -3.3149 -3.2613 -3.2065 -3.1506 
-3.0936 -3.0355 -2.9765 -2.9165 -2.8556 -2.7938 -2.7311 -2.6678 -2.6037 
-2.5390 -2.4737 -2.4078 -2.3416 -2.2749 -2.2078 -2.1405 -2.0729 -2.0051 
-1.9373 -1.8694 -1.8016 -1.7338 -1.6663 -1.5989 -1.5320 -1.4656 -1.3997 
 0.3073  0.2675  0.2246  0.1781  0.1281  0.0742  0.0161 -0.0462 -0.1178 
-0.1617 -0.2214 -0.3317 -0.4102 -0.4910 -0.5740 -0.6579 -0.7435 -0.8302 
-0.9184 -1.0080 -1.0991 -1.1923 -1.2799 -1.3750 -1.4727 -1.5727 -1.6752 
-1.7804 -1.8885 -1.9993 -2.1127 -2.2286 -2.3463 -2.4656 -2.5857 -2.7062 
-2.8256 -2.9429 -3.0569 -3.1661 -3.2693 -3.3646 -3.4510 -3.5274 -3.5928 
-3.6471 -3.6893 -3.7205 -3.7406 -3.7506 -3.7513 -3.7436 -3.7287 -3.7073 
-3.6805 -3.6490 -3.6136 -3.5747 -3.5329 -3.4887 -3.4423 -3.3940 -3.3440 
-3.2924 -3.2396 -3.1854 -3.1300 -3.0735 -3.0159 -2.9572 -2.8977 -2.8372 
-2.7759 -2.7137 -2.6508 -2.5872 -2.5229 -2.4580 -2.3926 -2.3267 -2.2604 
-2.1938 -2.1268 -2.0595 -1.9922 -1.9246 -1.8571 -1.7895 -1.7220 -1.6547 
-1.5876 -1.5209 -1.4547 -1.3891 -1.3242 -1.2602 -1.1974 -1.1359 -1.0759 
 0.4686  0.4249  0.3788  0.3296  0.2771  0.2213  0.1618  0.0986  0.0299 
-0.0374 -0.0677 -0.1875 -0.2697 -0.3528 -0.4380 -0.5250 -0.6142 -0.7052 
-0.7983 -0.8936 -0.9913 -1.0913 -1.1943 -1.2931 -1.3985 -1.5073 -1.6188 
-1.7329 -1.8499 -1.9694 -2.0912 -2.2145 -2.3386 -2.4629 -2.5857 -2.7064 
-2.8236 -2.9363 -3.0426 -3.1414 -3.2316 -3.3121 -3.3823 -3.4415 -3.4894 
-3.5267 -3.5524 -3.5679 -3.5736 -3.5702 -3.5586 -3.5397 -3.5144 -3.4836 
-3.4480 -3.4084 -3.3656 -3.3199 -3.2718 -3.2216 -3.1695 -3.1160 -3.0609 
-3.0046 -2.9471 -2.8885 -2.8289 -2.7684 -2.7070 -2.6449 -2.5820 -2.5184 
-2.4541 -2.3894 -2.3240 -2.2582 -2.1921 -2.1256 -2.0589 -1.9919 -1.9247 
-1.8575 -1.7902 -1.7230 -1.6559 -1.5891 -1.5226 -1.4566 -1.3911 -1.3264 
-1.2625 -1.1997 -1.1382 -1.0783 -1.0201 -0.9640 -0.9103 -0.8595 -0.8118 
 0.6347  0.5894  0.5414  0.4903  0.4358  0.3776  0.3153  0.2489  0.1785 
 0.1009  0.0644 -0.0481 -0.1399 -0.2280 -0.3184 -0.4110 -0.5063 -0.6040 
-0.7043 -0.8074 -0.9129 -1.0213 -1.1326 -1.2418 -1.3554 -1.4724 -1.5916 
-1.7128 -1.8357 -1.9600 -2.0845 -2.2082 -2.3303 -2.4492 -2.5641 -2.6740 
-2.7777 -2.8745 -2.9637 -3.0449 -3.1174 -3.1809 -3.2350 -3.2795 -3.3143 
-3.3398 -3.3550 -3.3609 -3.3580 -3.3466 -3.3276 -3.3018 -3.2700 -3.2331 
-3.1919 -3.1470 -3.0991 -3.0486 -2.9959 -2.9414 -2.8853 -2.8277 -2.7689 
-2.7091 -2.6483 -2.5866 -2.5241 -2.4608 -2.3970 -2.3326 -2.2676 -2.2021 
-2.1363 -2.0701 -2.0037 -1.9371 -1.8703 -1.8035 -1.7366 -1.6698 -1.6033 
-1.5370 -1.4710 -1.4056 -1.3409 -1.2770 -1.2141 -1.1524 -1.0922 -1.0336 
-0.9770 -0.9228 -0.8713 -0.8228 -0.7779 -0.7367 -0.6998 -0.6672 -0.6390 
 0.8002  0.7532  0.7028  0.6487  0.5905  0.5280  0.4608  0.3890  0.3129 
 0.2287  0.1772  0.0724 -0.0296 -0.1242 -0.2216 -0.3215 -0.4243 -0.5298 
-0.6380 -0.7491 -0.8625 -0.9782 -1.0964 -1.2138 -1.3333 -1.4550 -1.5772 
-1.6994 -1.8207 -1.9402 -2.0569 -2.1698 -2.2782 -2.3815 -2.4794 -2.5712 
-2.6571 -2.7368 -2.8102 -2.8770 -2.9367 -2.9889 -3.0334 -3.0696 -3.0970 
-3.1161 -3.1254 -3.1257 -3.1176 -3.1012 -3.0774 -3.0469 -3.0106 -2.9695 
-2.9241 -2.8754 -2.8237 -2.7697 -2.7137 -2.6560 -2.5969 -2.5366 -2.4753 
-2.4131 -2.3501 -2.2864 -2.2222 -2.1574 -2.0921 -2.0266 -1.9606 -1.8945 
-1.8283 -1.7619 -1.6955 -1.6293 -1.5632 -1.4975 -1.4322 -1.3675 -1.3034 
-1.2403 -1.1783 -1.1175 -1.0583 -1.0009 -0.9457 -0.8930 -0.8432 -0.7967 
-0.7538 -0.7149 -0.6804 -0.6502 -0.6245 -0.6031 -0.5857 -0.5718 -0.5610 
 0.9599  0.9098  0.8556  0.7969  0.7333  0.6648  0.5914  0.5129  0.4300 
 0.3396  0.2700  0.1703  0.0587 -0.0435 -0.1484 -0.2561 -0.3664 -0.4792 
-0.5944 -0.7116 -0.8304 -0.9504 -1.0711 -1.1920 -1.3107 -1.4278 -1.5434 
-1.6559 -1.7646 -1.8690 -1.9691 -2.0647 -2.1558 -2.2422 -2.3242 -2.4018 
-2.4750 -2.5435 -2.6071 -2.6654 -2.7179 -2.7641 -2.8032 -2.8346 -2.8578 
-2.8727 -2.8783 -2.8747 -2.8627 -2.8426 -2.8150 -2.7810 -2.7413 -2.6968 
-2.6485 -2.5968 -2.5425 -2.4861 -2.4278 -2.3681 -2.3071 -2.2452 -2.1824 
-2.1189 -2.0548 -1.9902 -1.9252 -1.8599 -1.7945 -1.7289 -1.6633 -1.5977 
-1.5323 -1.4672 -1.4026 -1.3385 -1.2752 -1.2128 -1.1515 -1.0916 -1.0333 
-0.9769 -0.9229 -0.8714 -0.8230 -0.7779 -0.7366 -0.6994 -0.6666 -0.6382 
-0.6142 -0.5944 -0.5785 -0.5659 -0.5562 -0.5488 -0.5433 -0.5393 -0.5363 
 1.1072  1.0528  0.9934  0.9287  0.8586  0.7832  0.7024  0.6166  0.5263 
 0.4297  0.3428  0.2443  0.1246  0.0152 -0.0960 -0.2099 -0.3256 -0.4428 
-0.5612 -0.6798 -0.7981 -0.9152 -1.0302 -1.1425 -1.2513 -1.3564 -1.4568 
-1.5526 -1.6453 -1.7341 -1.8193 -1.9010 -1.9795 -2.0549 -2.1271 -2.1961 
-2.2618 -2.3239 -2.3818 -2.4352 -2.4834 -2.5257 -2.5612 -2.5893 -2.6091 
-2.6207 -2.6232 -2.6162 -2.6010 -2.5778 -2.5473 -2.5105 -2.4684 -2.4217 
-2.3713 -2.3180 -2.2622 -2.2044 -2.1450 -2.0843 -2.0226 -1.9601 -1.8969 
-1.8332 -1.7692 -1.7049 -1.6404 -1.5760 -1.5116 -1.4474 -1.3836 -1.3203 
-1.2578 -1.1961 -1.1355 -1.0763 -1.0187 -0.9631 -0.9098 -0.8591 -0.8115 
-0.7673 -0.7270 -0.6907 -0.6588 -0.6313 -0.6082 -0.5892 -0.5740 -0.5620 
-0.5528 -0.5459 -0.5408 -0.5370 -0.5343 -0.5325 -0.5312 -0.5304 -0.5299 
 1.2413  1.1812  1.1154  1.0438  0.9664  0.8835  0.7952  0.7017  0.6038 
 0.5011  0.4001  0.3008  0.1759  0.0619 -0.0530 -0.1690 -0.2850 -0.4003 
-0.5145 -0.6264 -0.7355 -0.8413 -0.9431 -1.0411 -1.1352 -1.2257 -1.3126 
-1.3964 -1.4771 -1.5552 -1.6307 -1.7034 -1.7743 -1.8428 -1.9091 -1.9729 
-2.0337 -2.0914 -2.1454 -2.1951 -2.2398 -2.2787 -2.3109 -2.3357 -2.3523 
-2.3605 -2.3600 -2.3501 -2.3322 -2.3066 -2.2740 -2.2355 -2.1920 -2.1443 
-2.0932 -2.0392 -1.9830 -1.9251 -1.8658 -1.8054 -1.7442 -1.6823 -1.6200 
-1.5575 -1.4948 -1.4322 -1.3698 -1.3078 -1.2464 -1.1857 -1.1261 -1.0678 
-1.0110 -0.9560 -0.9034 -0.8533 -0.8062 -0.7624 -0.7224 -0.6865 -0.6550 
-0.6278 -0.6049 -0.5862 -0.5711 -0.5593 -0.5503 -0.5435 -0.5385 -0.5349 
-0.5323 -0.5306 -0.5295 -0.5288 -0.5284 -0.5283 -0.5284 -0.5286 -0.5288 
 1.3607  1.2940  1.2211  1.1421  1.0574  0.9671  0.8718  0.7714  0.6675 
 0.5604  0.4506  0.3523  0.2259  0.1124  0.0000 -0.1110 -0.2201 -0.3263 
-0.4296 -0.5293 -0.6252 -0.7177 -0.8067 -0.8924 -0.9752 -1.0552 -1.1328 
-1.2080 -1.2813 -1.3526 -1.4221 -1.4899 -1.5558 -1.6198 -1.6818 -1.7415 
-1.7985 -1.8525 -1.9029 -1.9489 -1.9900 -2.0252 -2.0538 -2.0751 -2.0884 
-2.0932 -2.0900 -2.0776 -2.0578 -2.0307 -1.9972 -1.9582 -1.9145 -1.8670 
-1.8164 -1.7632 -1.7080 -1.6513 -1.5934 -1.5347 -1.4754 -1.4157 -1.3559 
-1.2962 -1.2368 -1.1780 -1.1200 -1.0630 -1.0074 -0.9535 -0.9016 -0.8521 
-0.8054 -0.7619 -0.7221 -0.6861 -0.6545 -0.6271 -0.6039 -0.5849 -0.5696 
-0.5576 -0.5484 -0.5415 -0.5364 -0.5328 -0.5302 -0.5285 -0.5275 -0.5269 
-0.5267 -0.5267 -0.5269 -0.5272 -0.5276 -0.5280 -0.5285 -0.5289 -0.5293 
 1.4658  1.3922  1.3124  1.2267  1.1355  1.0395  0.9391  0.8348  0.7284 
 0.6203  0.5104  0.4161  0.2948  0.1874  0.0838 -0.0173 -0.1153 -0.2101 
-0.3017 -0.3900 -0.4753 -0.5577 -0.6375 -0.7149 -0.7901 -0.8632 -0.9347 
-1.0043 -1.0725 -1.1391 -1.2042 -1.2678 -1.3298 -1.3900 -1.4483 -1.5043 
-1.5576 -1.6078 -1.6543 -1.6964 -1.7334 -1.7647 -1.7894 -1.8069 -1.8168 
-1.8187 -1.8130 -1.7992 -1.7783 -1.7509 -1.7178 -1.6797 -1.6374 -1.5915 
-1.5429 -1.4920 -1.4394 -1.3854 -1.3307 -1.2753 -1.2198 -1.1644 -1.1094 
-1.0550 -1.0017 -0.9498 -0.8995 -0.8513 -0.8055 -0.7627 -0.7232 -0.6873 
-0.6554 -0.6277 -0.6041 -0.5845 -0.5687 -0.5562 -0.5466 -0.5394 -0.5341 
-0.5304 -0.5278 -0.5261 -0.5251 -0.5246 -0.5245 -0.5247 -0.5250 -0.5255 
-0.5260 -0.5266 -0.5272 -0.5277 -0.5283 -0.5288 -0.5293 -0.5297 -0.5301 
 1.5599  1.4804  1.3950  1.3046  1.2097  1.1112  1.0097  0.9058  0.8017 
 0.6977  0.5931  0.5078  0.3962  0.2965  0.2027  0.1116  0.0234 -0.0621 
-0.1449 -0.2249 -0.3027 -0.3782 -0.4516 -0.5232 -0.5930 -0.6614 -0.7283 
-0.7936 -0.8577 -0.9204 -0.9817 -1.0416 -1.0998 -1.1563 -1.2108 -1.2628 
-1.3120 -1.3579 -1.4001 -1.4378 -1.4705 -1.4975 -1.5181 -1.5321 -1.5389 
-1.5386 -1.5312 -1.5169 -1.4964 -1.4701 -1.4388 -1.4030 -1.3636 -1.3212 
-1.2762 -1.2295 -1.1814 -1.1324 -1.0830 -1.0336 -0.9846 -0.9364 -0.8893 
-0.8439 -0.8004 -0.7594 -0.7212 -0.6863 -0.6549 -0.6273 -0.6035 -0.5836 
-0.5674 -0.5544 -0.5444 -0.5369 -0.5314 -0.5274 -0.5248 -0.5231 -0.5222 
-0.5218 -0.5218 -0.5221 -0.5226 -0.5233 -0.5240 -0.5248 -0.5255 -0.5262 
-0.5269 -0.5276 -0.5282 -0.5287 -0.5292 -0.5297 -0.5301 -0.5304 -0.5308 
 1.6491  1.5659  1.4779  1.3861  1.2913  1.1941  1.0953  0.9960  0.8977 
 0.8007  0.7033  0.6260  0.5261  0.4328  0.3470  0.2636  0.1827  0.1041 
 0.0277 -0.0464 -0.1188 -0.1891 -0.2577 -0.3248 -0.3906 -0.4549 -0.5178 
-0.5793 -0.6396 -0.6986 -0.7562 -0.8122 -0.8665 -0.9189 -0.9691 -1.0167 
-1.0613 -1.1026 -1.1400 -1.1730 -1.2012 -1.2240 -1.2410 -1.2519 -1.2566 
-1.2551 -1.2474 -1.2339 -1.2152 -1.1916 -1.1638 -1.1323 -1.0977 -1.0607 
-1.0219 -0.9817 -0.9407 -0.8996 -0.8586 -0.8185 -0.7797 -0.7426 -0.7077 
-0.6754 -0.6461 -0.6201 -0.5974 -0.5783 -0.5625 -0.5498 -0.5399 -0.5324 
-0.5269 -0.5230 -0.5204 -0.5189 -0.5181 -0.5179 -0.5181 -0.5187 -0.5195 
-0.5204 -0.5213 -0.5223 -0.5233 -0.5242 -0.5251 -0.5260 -0.5267 -0.5274 
-0.5281 -0.5286 -0.5292 -0.5296 -0.5300 -0.5304 -0.5307 -0.5310 -0.5312 
 1.7417  1.6577  1.5702  1.4801  1.3884  1.2950  1.2011  1.1075  1.0157 
 0.9255  0.8352  0.7621  0.6740  0.5854  0.5058  0.4283  0.3529  0.2795 
 0.2081  0.1387  0.0710  0.0049 -0.0599 -0.1231 -0.1848 -0.2453 -0.3043 
-0.3621 -0.4186 -0.4735 -0.5270 -0.5787 -0.6286 -0.6763 -0.7217 -0.7644 
-0.8041 -0.8405 -0.8731 -0.9016 -0.9256 -0.9448 -0.9591 -0.9682 -0.9720 
-0.9708 -0.9645 -0.9535 -0.9386 -0.9197 -0.8975 -0.8725 -0.8453 -0.8165 
-0.7867 -0.7563 -0.7260 -0.6965 -0.6681 -0.6415 -0.6170 -0.5951 -0.5760 
-0.5599 -0.5466 -0.5360 -0.5278 -0.5218 -0.5175 -0.5146 -0.5128 -0.5120 
-0.5118 -0.5121 -0.5128 -0.5138 -0.5150 -0.5163 -0.5177 -0.5190 -0.5203 
-0.5216 -0.5227 -0.5238 -0.5248 -0.5257 -0.5265 -0.5273 -0.5279 -0.5285 
-0.5291 -0.5295 -0.5299 -0.5303 -0.5306 -0.5308 -0.5311 -0.5312 -0.5313 
 1.8434  1.7608  1.6758  1.5890  1.5011  1.4123  1.3231  1.2349  1.1488 
 1.0644  0.9803  0.9089  0.8313  0.7466  0.6720  0.5993  0.5285  0.4596 
 0.3925  0.3272  0.2635  0.2013  0.1405  0.0813  0.0234 -0.0330 -0.0881 
-0.1417 -0.1939 -0.2445 -0.2934 -0.3404 -0.3854 -0.4281 -0.4684 -0.5060 
-0.5407 -0.5723 -0.6006 -0.6252 -0.6461 -0.6630 -0.6760 -0.6849 -0.6898 
-0.6909 -0.6883 -0.6819 -0.6732 -0.6617 -0.6480 -0.6326 -0.6161 -0.5991 
-0.5821 -0.5656 -0.5502 -0.5363 -0.5243 -0.5145 -0.5069 -0.5015 -0.4981 
-0.4963 -0.4957 -0.4960 -0.4970 -0.4984 -0.5001 -0.5020 -0.5040 -0.5061 
-0.5082 -0.5102 -0.5123 -0.5142 -0.5161 -0.5178 -0.5194 -0.5208 -0.5221 
-0.5233 -0.5244 -0.5254 -0.5263 -0.5270 -0.5277 -0.5283 -0.5288 -0.5293 
-0.5297 -0.5300 -0.5303 -0.5305 -0.5306 -0.5307 -0.5306 -0.5305 -0.5302 
 1.9550  1.8748  1.7927  1.7094  1.6253  1.5406  1.4557  1.3717  1.2906 
 1.2112  1.1326  1.0620  0.9935  0.9127  0.8424  0.7741  0.7076  0.6429 
 0.5799  0.5187  0.4590  0.4006  0.3441  0.2890  0.2354  0.1833  0.1326 
 0.0835  0.0361 -0.0097 -0.0536 -0.0956 -0.1355 -0.1731 -0.2084 -0.2412 
-0.2715 -0.2992 -0.3241 -0.3462 -0.3654 -0.3819 -0.3956 -0.4067 -0.4151 
-0.4211 -0.4250 -0.4266 -0.4271 -0.4266 -0.4252 -0.4234 -0.4217 -0.4207 
-0.4206 -0.4217 -0.4243 -0.4283 -0.4337 -0.4402 -0.4473 -0.4548 -0.4621 
-0.4692 -0.4757 -0.4816 -0.4870 -0.4918 -0.4961 -0.4999 -0.5034 -0.5066 
-0.5095 -0.5121 -0.5144 -0.5165 -0.5183 -0.5200 -0.5215 -0.5228 -0.5239 
-0.5250 -0.5259 -0.5267 -0.5273 -0.5279 -0.5285 -0.5289 -0.5292 -0.5295 
-0.5296 -0.5296 -0.5295 -0.5293 -0.5288 -0.5281 -0.5272 -0.5259 -0.5242 
 2.0734  1.9956  1.9164  1.8364  1.7558  1.6743  1.5932  1.5133  1.4365 
 1.3614  1.2880  1.2183  1.1573  1.0807  1.0146  0.9505  0.8883  0.8278 
 0.7690  0.7120  0.6562  0.6025  0.5503  0.4996  0.4505  0.4030  0.3571 
 0.3130  0.2705  0.2297  0.1908  0.1538  0.1188  0.0857  0.0546  0.0255 
-0.0016 -0.0268 -0.0501 -0.0716 -0.0915 -0.1100 -0.1271 -0.1431 -0.1582 
-0.1726 -0.1866 -0.2002 -0.2137 -0.2285 -0.2435 -0.2594 -0.2763 -0.2942 
-0.3131 -0.3325 -0.3521 -0.3715 -0.3902 -0.4078 -0.4239 -0.4384 -0.4511 
-0.4622 -0.4718 -0.4799 -0.4869 -0.4929 -0.4980 -0.5024 -0.5062 -0.5095 
-0.5124 -0.5149 -0.5170 -0.5189 -0.5205 -0.5220 -0.5232 -0.5243 -0.5253 
-0.5261 -0.5267 -0.5273 -0.5277 -0.5280 -0.5282 -0.5283 -0.5281 -0.5277 
-0.5271 -0.5262 -0.5250 -0.5233 -0.5214 -0.5190 -0.5165 -0.5137 -0.5110 
 2.1950  2.1197  2.0433  1.9664  1.8891  1.8104  1.7329  1.6570  1.5842 
 1.5132  1.4443  1.3778  1.3206  1.2503  1.1882  1.1284  1.0704  1.0143 
 0.9599  0.9069  0.8560  0.8068  0.7593  0.7133  0.6690  0.6263  0.5853 
 0.5459  0.5083  0.4723  0.4380  0.4053  0.3743  0.3447  0.3165  0.2896 
 0.2638  0.2389  0.2147  0.1911  0.1676  0.1441  0.1201  0.0955  0.0699 
 0.0431  0.0148 -0.0153 -0.0463 -0.0798 -0.1148 -0.1505 -0.1866 -0.2226 
-0.2577 -0.2913 -0.3227 -0.3516 -0.3776 -0.4006 -0.4207 -0.4380 -0.4527 
-0.4651 -0.4754 -0.4840 -0.4911 -0.4971 -0.5021 -0.5062 -0.5098 -0.5128 
-0.5153 -0.5174 -0.5193 -0.5209 -0.5222 -0.5233 -0.5243 -0.5251 -0.5257 
-0.5261 -0.5264 -0.5264 -0.5263 -0.5258 -0.5251 -0.5240 -0.5225 -0.5206 
-0.5184 -0.5159 -0.5132 -0.5105 -0.5080 -0.5056 -0.5036 -0.5019 -0.5005 
 2.3176  2.2448  2.1712  2.0974  2.0234  1.9474  1.8734  1.8015  1.7330 
 1.6663  1.6016  1.5394  1.4843  1.4210  1.3629  1.3075  1.2541  1.2025 
 1.1524  1.1043  1.0581  1.0136  0.9707  0.9295  0.8900  0.8520  0.8156 
 0.7807  0.7472  0.7151  0.6844  0.6548  0.6262  0.5984  0.5711  0.5442 
 0.5172  0.4899  0.4619  0.4328  0.4022  0.3697  0.3348  0.2973  0.2568 
 0.2131  0.1663  0.1166  0.0650  0.0119 -0.0424 -0.0956 -0.1470 -0.1958 
-0.2411 -0.2826 -0.3199 -0.3529 -0.3818 -0.4066 -0.4277 -0.4454 -0.4600 
-0.4720 -0.4818 -0.4899 -0.4964 -0.5018 -0.5062 -0.5099 -0.5129 -0.5154 
-0.5175 -0.5193 -0.5207 -0.5219 -0.5228 -0.5235 -0.5239 -0.5240 -0.5239 
-0.5235 -0.5226 -0.5214 -0.5198 -0.5178 -0.5155 -0.5129 -0.5103 -0.5077 
-0.5054 -0.5033 -0.5015 -0.5001 -0.4989 -0.4981 -0.4974 -0.4969 -0.4966 
 2.4405  2.3700  2.2990  2.2283  2.1575  2.0844  2.0137  1.9462  1.8818 
 1.8195  1.7591  1.7016  1.6491  1.5923  1.5386  1.4879  1.4390  1.3917 
 1.3465  1.3032  1.2616  1.2217  1.1834  1.1466  1.1113  1.0774  1.0448 
 1.0134  0.9831  0.9536  0.9248  0.8964  0.8682  0.8398  0.8110  0.7812 
 0.7500  0.7169  0.6814  0.6430  0.6011  0.5553  0.5051  0.4503  0.3910 
 0.3275  0.2605  0.1909  0.1203  0.0508 -0.0176 -0.0823 -0.1425 -0.1978 
-0.2478 -0.2924 -0.3315 -0.3654 -0.3944 -0.4187 -0.4389 -0.4554 -0.4689 
-0.4798 -0.4885 -0.4956 -0.5012 -0.5058 -0.5095 -0.5125 -0.5150 -0.5169 
-0.5184 -0.5196 -0.5204 -0.5208 -0.5208 -0.5205 -0.5197 -0.5185 -0.5169 
-0.5148 -0.5125 -0.5100 -0.5075 -0.5051 -0.5030 -0.5011 -0.4996 -0.4984 
-0.4974 -0.4967 -0.4962 -0.4958 -0.4955 -0.4953 -0.4952 -0.4951 -0.4951 
 2.5615  2.4939  2.4261  2.3583  2.2902  2.2208  2.1539  2.0905  2.0302 
 1.9722  1.9165  1.8636  1.8140  1.7632  1.7142  1.6679  1.6232  1.5806 
 1.5399  1.5008  1.4635  1.4276  1.3932  1.3601  1.3281  1.2972  1.2671 
 1.2377  1.2087  1.1799  1.1510  1.1215  1.0911  1.0593  1.0258  0.9897 
 0.9506  0.9078  0.8607  0.8087  0.7513  0.6881  0.6193  0.5448  0.4656 
 0.3828  0.2980  0.2130  0.1259  0.0764 -0.0177 -0.0960 -0.1597 -0.2170 
-0.2679 -0.3123 -0.3507 -0.3833 -0.4105 -0.4330 -0.4512 -0.4659 -0.4777 
-0.4870 -0.4945 -0.5003 -0.5050 -0.5086 -0.5115 -0.5136 -0.5152 -0.5162 
-0.5167 -0.5167 -0.5162 -0.5151 -0.5136 -0.5117 -0.5095 -0.5072 -0.5049 
-0.5027 -0.5007 -0.4990 -0.4977 -0.4966 -0.4958 -0.4952 -0.4948 -0.4945 
-0.4942 -0.4941 -0.4940 -0.4940 -0.4940 -0.4940 -0.4940 -0.4940 -0.4941 
 2.6830  2.6176  2.5525  2.4884  2.4234  2.3581  2.2950  2.2355  2.1796 
 2.1261  2.0747  2.0262  1.9802  1.9342  1.8896  1.8474  1.8071  1.7687 
 1.7318  1.6965  1.6626  1.6299  1.5983  1.5677  1.5377  1.5082  1.4790 
 1.4497  1.4201  1.3898  1.3583  1.3250  1.2896  1.2513  1.2095  1.1634 
 1.1126  1.0561  0.9936  0.9245  0.8487  0.7664  0.6782  0.5854  0.4894 
 0.3921  0.2953  0.2010  0.1028  0.0707 -0.0252 -0.1232 -0.1871 -0.2437 
-0.2930 -0.3355 -0.3715 -0.4014 -0.4260 -0.4459 -0.4619 -0.4745 -0.4844 
-0.4921 -0.4981 -0.5027 -0.5061 -0.5085 -0.5101 -0.5110 -0.5111 -0.5106 
-0.5095 -0.5079 -0.5060 -0.5039 -0.5018 -0.4998 -0.4981 -0.4966 -0.4954 
-0.4945 -0.4938 -0.4933 -0.4930 -0.4927 -0.4926 -0.4925 -0.4925 -0.4925 
-0.4925 -0.4925 -0.4926 -0.4926 -0.4927 -0.4928 -0.4929 -0.4930 -0.4931 
 2.8025  2.7399  2.6783  2.6171  2.5551  2.4936  2.4354  2.3801  2.3274 
 2.2776  2.2305  2.1861  2.1438  2.1019  2.0611  2.0226  1.9859  1.9507 
 1.9168  1.8842  1.8527  1.8219  1.7919  1.7623  1.7329  1.7033  1.6732 
 1.6421  1.6097  1.5753  1.5385  1.4985  1.4547  1.4064  1.3527  1.2931 
 1.2269  1.1537  1.0732  0.9857  0.8915  0.7919  0.6880  0.5815  0.4745 
 0.3685  0.2656  0.1673  0.0629  0.0472 -0.0232 -0.1577 -0.2194 -0.2733 
-0.3196 -0.3587 -0.3913 -0.4179 -0.4394 -0.4565 -0.4699 -0.4803 -0.4882 
-0.4941 -0.4983 -0.5012 -0.5029 -0.5036 -0.5035 -0.5027 -0.5014 -0.4998 
-0.4981 -0.4964 -0.4949 -0.4936 -0.4926 -0.4919 -0.4913 -0.4909 -0.4907 
-0.4905 -0.4904 -0.4904 -0.4904 -0.4905 -0.4905 -0.4906 -0.4907 -0.4908 
-0.4909 -0.4910 -0.4912 -0.4913 -0.4914 -0.4916 -0.4918 -0.4920 -0.4922 
 2.8914  2.8286  2.7674  2.7082  2.6484  2.5887  2.5326  2.4801  2.4303 
 2.3827  2.3379  2.2956  2.2560  2.2166  2.1783  2.1417  2.1068  2.0734 
 2.0409  2.0094  1.9788  1.9486  1.9187  1.8889  1.8586  1.8277  1.7956 
 1.7618  1.7258  1.6869  1.6445  1.5978  1.5462  1.4888  1.4251  1.3543 
 1.2761  1.1905  1.0977  0.9984  0.8935  0.7845  0.6728  0.5603  0.4487 
 0.3397  0.2351  0.1363  0.0316  0.0162 -0.0104 -0.1833 -0.2425 -0.2937 
-0.3372 -0.3736 -0.4034 -0.4276 -0.4467 -0.4617 -0.4733 -0.4819 -0.4882 
-0.4926 -0.4954 -0.4969 -0.4973 -0.4970 -0.4961 -0.4949 -0.4936 -0.4924 
-0.4913 -0.4904 -0.4897 -0.4892 -0.4889 -0.4887 -0.4886 -0.4886 -0.4886 
-0.4887 -0.4887 -0.4888 -0.4890 -0.4891 -0.4892 -0.4894 -0.4895 -0.4897 
-0.4898 -0.4900 -0.4903 -0.4905 -0.4908 -0.4910 -0.4913 -0.4917 -0.4920 
 3.0731  3.0176  2.9618  2.9074  2.8534  2.7994  2.7489  2.7024  2.6580 
 2.6145  2.5736  2.5360  2.5001  2.4647  2.4300  2.3966  2.3641  2.3322 
 2.3007  2.2697  2.2384  2.2068  2.1744  2.1407  2.1051  2.0672  2.0263 
 1.9816  1.9325  1.8781  1.8178  1.7507  1.6762  1.5942  1.5045  1.4073 
 1.3034  1.1934  1.0786  0.9602  0.8395  0.7181  0.5973  0.4789  0.3642 
 0.2546  0.1516  0.0562 -0.0309 -0.1092  0.0521 -0.2378 -0.2904 -0.3340 
-0.3701 -0.3993 -0.4225 -0.4405 -0.4541 -0.4640 -0.4709 -0.4756 -0.4786 
-0.4803 -0.4812 -0.4816 -0.4818 -0.4819 -0.4819 -0.4820 -0.4822 -0.4824 
-0.4826 -0.4828 -0.4831 -0.4833 -0.4836 -0.4838 -0.4841 -0.4843 -0.4846 
-0.4848 -0.4851 -0.4854 -0.4857 -0.4861 -0.4865 -0.4869 -0.4873 -0.4878 
-0.4883 -0.4889 -0.4894 -0.4899 -0.4904 -0.4909 -0.4913 -0.4917 -0.4921 
 3.3409  3.2892  3.2389  3.1896  3.1431  3.0978  3.0518  3.0099  2.9701 
 2.9310  2.8941  2.8582  2.8224  2.7877  2.7542  2.7205  2.6863  2.6517 
 2.6164  2.5799  2.5413  2.5001  2.4559  2.4075  2.3543  2.2955  2.2304 
 2.1582  2.0785  1.9912  1.8961  1.7936  1.6843  1.5692  1.4489  1.3250 
 1.1983  1.0698  0.9407  0.8122  0.6852  0.5612  0.4411  0.3264  0.2183 
 0.1177  0.0257 -0.0573 -0.1309 -0.2242 -0.0067 -0.2380 -0.3343 -0.3652 
-0.3897 -0.4089 -0.4237 -0.4350 -0.4436 -0.4502 -0.4552 -0.4591 -0.4621 
-0.4645 -0.4665 -0.4680 -0.4693 -0.4704 -0.4713 -0.4721 -0.4728 -0.4735 
-0.4742 -0.4748 -0.4755 -0.4762 -0.4769 -0.4777 -0.4786 -0.4795 -0.4805 
-0.4815 -0.4825 -0.4835 -0.4845 -0.4854 -0.4863 -0.4871 -0.4879 -0.4886 
-0.4893 -0.4899 -0.4904 -0.4909 -0.4913 -0.4916 -0.4919 -0.4922 -0.4924 
 3.5999  3.5497  3.5043  3.4622  3.4191  3.3764  3.3341  3.2917  3.2512 
 3.2140  3.1757  3.1372  3.0990  3.0603  3.0230  2.9819  2.9402  2.8959 
 2.8491  2.7983  2.7425  2.6811  2.6133  2.5383  2.4558  2.3654  2.2672 
 2.1615  2.0491  1.9307  1.8074  1.6801  1.5498  1.4175  1.2841  1.1504 
 1.0173  0.8858  0.7567  0.6312  0.5100  0.3943  0.2855  0.1842  0.0912 
 0.0069 -0.0683 -0.1347 -0.1925 -0.2682 -0.1574 -0.1886 -0.3489 -0.3726 
-0.3916 -0.4067 -0.4185 -0.4278 -0.4349 -0.4405 -0.4449 -0.4483 -0.4511 
-0.4534 -0.4554 -0.4572 -0.4588 -0.4605 -0.4621 -0.4638 -0.4656 -0.4674 
-0.4693 -0.4712 -0.4731 -0.4749 -0.4767 -0.4783 -0.4799 -0.4813 -0.4826 
-0.4838 -0.4849 -0.4858 -0.4867 -0.4874 -0.4881 -0.4886 -0.4891 -0.4895 
-0.4898 -0.4901 -0.4903 -0.4905 -0.4907 -0.4908 -0.4909 -0.4910 -0.4910 
 3.8542  3.8068  3.7605  3.7150  3.6701  3.6252  3.5848  3.5424  3.4991 
 3.4554  3.4114  3.3678  3.3230  3.2753  3.2285  3.1783  3.1160  3.0536 
 2.9850  2.9093  2.8262  2.7352  2.6362  2.5295  2.4157  2.2957  2.1704 
 2.0408  1.9079  1.7728  1.6363  1.4991  1.3621  1.2261  1.0917  0.9597 
 0.8309  0.7062  0.5864  0.4721  0.3643  0.2631  0.1693  0.0829  0.0043 
-0.0664 -0.1294 -0.1846 -0.2324 -0.2735 -0.3054 -0.1625 -0.3579 -0.3761 
-0.3905 -0.4020 -0.4110 -0.4183 -0.4243 -0.4294 -0.4338 -0.4379 -0.4417 
-0.4455 -0.4491 -0.4527 -0.4561 -0.4595 -0.4627 -0.4657 -0.4685 -0.4711 
-0.4734 -0.4755 -0.4773 -0.4789 -0.4803 -0.4816 -0.4826 -0.4835 -0.4843 
-0.4850 -0.4855 -0.4860 -0.4864 -0.4867 -0.4869 -0.4871 -0.4873 -0.4874 
-0.4875 -0.4876 -0.4877 -0.4877 -0.4878 -0.4879 -0.4880 -0.4881 -0.4882 
 4.0921  4.0424  3.9941  3.9463  3.8988  3.8511  3.8027  3.7530  3.7034 
 3.6544  3.6015  3.5464  3.4876  3.4252  3.3542  3.2996  3.2123  3.1115 
 3.0142  2.9089  2.7957  2.6760  2.5503  2.4196  2.2852  2.1480  2.0092 
 1.8692  1.7292  1.5897  1.4514  1.3149  1.1808  1.0496  0.9215  0.7971 
 0.6771  0.5616  0.4516  0.3475  0.2501  0.1599  0.0773  0.0025 -0.0645 
-0.1237 -0.1756 -0.2203 -0.2585 -0.2906 -0.3305 -0.2240 -0.3339 -0.3729 
-0.3856 -0.3964 -0.4058 -0.4141 -0.4216 -0.4284 -0.4346 -0.4403 -0.4456 
-0.4505 -0.4549 -0.4589 -0.4625 -0.4656 -0.4683 -0.4707 -0.4727 -0.4745 
-0.4759 -0.4771 -0.4782 -0.4790 -0.4798 -0.4804 -0.4809 -0.4813 -0.4816 
-0.4819 -0.4822 -0.4824 -0.4827 -0.4829 -0.4832 -0.4834 -0.4837 -0.4839 
-0.4842 -0.4844 -0.4846 -0.4847 -0.4848 -0.4848 -0.4846 -0.4843 -0.4838 
 4.3103  4.2561  4.2023  4.1487  4.0948  4.0404  3.9846  3.9270  3.8665 
 3.8022  3.7351  3.6630  3.5839  3.4980  3.4042  3.2999  3.2660  3.0863 
 2.9528  2.8231  2.6885  2.5506  2.4104  2.2687  2.1263  1.9840  1.8424 
 1.7023  1.5635  1.4266  1.2917  1.1589  1.0286  0.9013  0.7774  0.6577 
 0.5434  0.4352  0.3341  0.2405  0.1547  0.0769  0.0066 -0.0565 -0.1126 
-0.1622 -0.2058 -0.2438 -0.2767 -0.3048 -0.3397 -0.2907 -0.3254 -0.3812 
-0.3938 -0.4046 -0.4140 -0.4223 -0.4297 -0.4362 -0.4421 -0.4472 -0.4518 
-0.4558 -0.4592 -0.4621 -0.4645 -0.4665 -0.4682 -0.4696 -0.4708 -0.4718 
-0.4726 -0.4734 -0.4740 -0.4746 -0.4752 -0.4757 -0.4763 -0.4767 -0.4772 
-0.4776 -0.4780 -0.4783 -0.4785 -0.4785 -0.4784 -0.4781 -0.4775 -0.4766 
-0.4754 -0.4739 -0.4721 -0.4701 -0.4681 -0.4660 -0.4642 -0.4626 -0.4613 
 4.5032  4.4420  4.3808  4.3190  4.2560  4.1911  4.1235  4.0521  3.9764 
 3.8944  3.8057  3.7107  3.6073  3.4961  3.3769  3.2284  3.2275  3.0632 
 2.8426  2.7001  2.5562  2.4120  2.2679  2.1245  1.9819  1.8402  1.6995 
 1.5598  1.4216  1.2850  1.1461  1.0315  0.9528  0.8240  0.6966  0.5749 
 0.4534  0.3305  0.2399  0.1567  0.0808  0.0116 -0.0512 -0.1076 -0.1581 
-0.2028 -0.2417 -0.2753 -0.3039 -0.3280 -0.3517 -0.3507 -0.3277 -0.3918 
-0.4024 -0.4116 -0.4197 -0.4268 -0.4331 -0.4386 -0.4434 -0.4474 -0.4509 
-0.4538 -0.4562 -0.4582 -0.4600 -0.4615 -0.4629 -0.4641 -0.4652 -0.4661 
-0.4670 -0.4678 -0.4684 -0.4689 -0.4691 -0.4692 -0.4690 -0.4685 -0.4676 
-0.4665 -0.4651 -0.4635 -0.4618 -0.4602 -0.4588 -0.4576 -0.4567 -0.4560 
-0.4555 -0.4552 -0.4550 -0.4549 -0.4549 -0.4550 -0.4551 -0.4552 -0.4553 
 4.6657  4.5969  4.5268  4.4538  4.3778  4.2989  4.2154  4.1262  4.0306 
 3.9275  3.8165  3.6982  3.5731  3.4412  3.3041  3.1577  3.0266  3.1363 
 2.7323  2.5816  2.4358  2.2903  2.1453  2.0006  1.8564  1.7127  1.5703 
 1.4292  1.2902  1.1538  1.0171  0.9401  0.8170  0.6903  0.5683  0.4540 
 0.3330  0.2392  0.1549  0.0778  0.0079 -0.0548 -0.1108 -0.1601 -0.2030 
-0.2400 -0.2716 -0.2983 -0.3208 -0.3398 -0.3560 -0.3736 -0.3318 -0.3875 
-0.4021 -0.4105 -0.4179 -0.4244 -0.4299 -0.4346 -0.4387 -0.4421 -0.4450 
-0.4475 -0.4497 -0.4515 -0.4530 -0.4542 -0.4551 -0.4557 -0.4559 -0.4557 
-0.4552 -0.4545 -0.4536 -0.4526 -0.4517 -0.4509 -0.4503 -0.4500 -0.4498 
-0.4497 -0.4498 -0.4500 -0.4502 -0.4505 -0.4507 -0.4510 -0.4513 -0.4516 
-0.4519 -0.4521 -0.4524 -0.4527 -0.4529 -0.4531 -0.4533 -0.4536 -0.4537 
